Puzzle Debug: Size: [3 x 3]
Total Possible Pattern Count: 512
Total Legal Patterns: 164

1
0 0 0   0
0 1 0   2
0 0 0   0

2
0 0 0   0
0 1 0   2
0 0 1   1

3
0 0 0   0
0 1 0   2
0 1 0   2

4
0 0 0   0
0 1 0   2
0 1 1   3

5
0 0 0   0
0 1 0   2
1 0 0   4

6
0 0 0   0
0 1 0   2
1 1 0   6

7
0 0 0   0
0 1 0   2
1 1 1   7

8
0 0 0   0
0 1 1   3
0 0 0   0

9
0 0 0   0
0 1 1   3
0 0 1   1

10
0 0 0   0
0 1 1   3
0 1 1   3

11
0 0 0   0
0 1 1   3
1 1 1   7

12
0 0 0   0
1 0 1   5
0 0 0   0

13
0 0 0   0
1 0 1   5
0 0 1   1

14
0 0 0   0
1 0 1   5
1 0 0   4

15
0 0 0   0
1 0 1   5
1 0 1   5

16
0 0 0   0
1 0 1   5
1 1 1   7

17
0 0 0   0
1 1 0   6
0 0 0   0

18
0 0 0   0
1 1 0   6
1 0 0   4

19
0 0 0   0
1 1 0   6
1 1 0   6

20
0 0 0   0
1 1 0   6
1 1 1   7

21
0 0 0   0
1 1 1   7
1 1 1   7

22
0 0 1   1
0 1 0   2
0 0 0   0

23
0 0 1   1
0 1 0   2
0 0 1   1

24
0 0 1   1
0 1 0   2
0 1 1   3

25
0 0 1   1
0 1 0   2
1 0 0   4

26
0 0 1   1
0 1 0   2
1 1 0   6

27
0 0 1   1
0 1 1   3
0 0 0   0

28
0 0 1   1
0 1 1   3
0 0 1   1

29
0 0 1   1
0 1 1   3
0 1 1   3

30
0 0 1   1
0 1 1   3
1 1 1   7

31
0 0 1   1
1 0 0   4
0 0 1   1

32
0 0 1   1
1 0 0   4
1 0 1   5

33
0 0 1   1
1 0 0   4
1 1 0   6

34
0 0 1   1
1 0 0   4
1 1 1   7

35
0 0 1   1
1 0 1   5
0 0 0   0

36
0 0 1   1
1 0 1   5
0 0 1   1

37
0 0 1   1
1 0 1   5
1 0 0   4

38
0 0 1   1
1 0 1   5
1 0 1   5

39
0 0 1   1
1 0 1   5
1 1 1   7

40
0 0 1   1
1 1 1   7
1 1 1   7

41
0 1 0   2
0 0 0   0
0 1 0   2

42
0 1 0   2
0 0 0   0
0 1 1   3

43
0 1 0   2
0 0 0   0
1 0 1   5

44
0 1 0   2
0 0 0   0
1 1 0   6

45
0 1 0   2
0 0 0   0
1 1 1   7

46
0 1 0   2
0 1 0   2
0 0 0   0

47
0 1 0   2
0 1 0   2
0 0 1   1

48
0 1 0   2
0 1 0   2
0 1 1   3

49
0 1 0   2
0 1 0   2
1 0 0   4

50
0 1 0   2
0 1 0   2
1 1 0   6

51
0 1 1   3
0 0 0   0
0 1 0   2

52
0 1 1   3
0 0 0   0
0 1 1   3

53
0 1 1   3
0 0 0   0
1 0 1   5

54
0 1 1   3
0 0 0   0
1 1 0   6

55
0 1 1   3
0 0 0   0
1 1 1   7

56
0 1 1   3
0 0 1   1
0 1 1   3

57
0 1 1   3
0 0 1   1
1 0 0   4

58
0 1 1   3
0 0 1   1
1 0 1   5

59
0 1 1   3
0 0 1   1
1 1 1   7

60
0 1 1   3
0 1 0   2
0 0 0   0

61
0 1 1   3
0 1 0   2
0 0 1   1

62
0 1 1   3
0 1 0   2
0 1 1   3

63
0 1 1   3
0 1 0   2
1 0 0   4

64
0 1 1   3
0 1 0   2
1 1 0   6

65
0 1 1   3
0 1 1   3
0 0 0   0

66
0 1 1   3
0 1 1   3
0 0 1   1

67
0 1 1   3
0 1 1   3
0 1 1   3

68
0 1 1   3
0 1 1   3
1 1 1   7

69
0 1 1   3
1 1 1   7
1 1 1   7

70
1 0 0   4
0 0 1   1
0 1 1   3

71
1 0 0   4
0 0 1   1
1 0 0   4

72
1 0 0   4
0 0 1   1
1 0 1   5

73
1 0 0   4
0 0 1   1
1 1 1   7

74
1 0 0   4
0 1 0   2
0 0 0   0

75
1 0 0   4
0 1 0   2
0 0 1   1

76
1 0 0   4
0 1 0   2
0 1 1   3

77
1 0 0   4
0 1 0   2
1 0 0   4

78
1 0 0   4
0 1 0   2
1 1 0   6

79
1 0 0   4
1 0 1   5
0 0 0   0

80
1 0 0   4
1 0 1   5
0 0 1   1

81
1 0 0   4
1 0 1   5
1 0 0   4

82
1 0 0   4
1 0 1   5
1 0 1   5

83
1 0 0   4
1 0 1   5
1 1 1   7

84
1 0 0   4
1 1 0   6
0 0 0   0

85
1 0 0   4
1 1 0   6
1 0 0   4

86
1 0 0   4
1 1 0   6
1 1 0   6

87
1 0 0   4
1 1 0   6
1 1 1   7

88
1 0 0   4
1 1 1   7
1 1 1   7

89
1 0 1   5
0 0 0   0
0 1 0   2

90
1 0 1   5
0 0 0   0
0 1 1   3

91
1 0 1   5
0 0 0   0
1 0 1   5

92
1 0 1   5
0 0 0   0
1 1 0   6

93
1 0 1   5
0 0 0   0
1 1 1   7

94
1 0 1   5
0 0 1   1
0 1 1   3

95
1 0 1   5
0 0 1   1
1 0 0   4

96
1 0 1   5
0 0 1   1
1 0 1   5

97
1 0 1   5
0 0 1   1
1 1 1   7

98
1 0 1   5
1 0 0   4
0 0 1   1

99
1 0 1   5
1 0 0   4
1 0 1   5

100
1 0 1   5
1 0 0   4
1 1 0   6

101
1 0 1   5
1 0 0   4
1 1 1   7

102
1 0 1   5
1 0 1   5
0 0 0   0

103
1 0 1   5
1 0 1   5
0 0 1   1

104
1 0 1   5
1 0 1   5
1 0 0   4

105
1 0 1   5
1 0 1   5
1 0 1   5

106
1 0 1   5
1 0 1   5
1 1 1   7

107
1 0 1   5
1 1 1   7
1 1 1   7

108
1 1 0   6
0 0 0   0
0 1 0   2

109
1 1 0   6
0 0 0   0
0 1 1   3

110
1 1 0   6
0 0 0   0
1 0 1   5

111
1 1 0   6
0 0 0   0
1 1 0   6

112
1 1 0   6
0 0 0   0
1 1 1   7

113
1 1 0   6
0 1 0   2
0 0 0   0

114
1 1 0   6
0 1 0   2
0 0 1   1

115
1 1 0   6
0 1 0   2
0 1 1   3

116
1 1 0   6
0 1 0   2
1 0 0   4

117
1 1 0   6
0 1 0   2
1 1 0   6

118
1 1 0   6
1 0 0   4
0 0 1   1

119
1 1 0   6
1 0 0   4
1 0 1   5

120
1 1 0   6
1 0 0   4
1 1 0   6

121
1 1 0   6
1 0 0   4
1 1 1   7

122
1 1 0   6
1 1 0   6
0 0 0   0

123
1 1 0   6
1 1 0   6
1 0 0   4

124
1 1 0   6
1 1 0   6
1 1 0   6

125
1 1 0   6
1 1 0   6
1 1 1   7

126
1 1 0   6
1 1 1   7
1 1 1   7

127
1 1 1   7
0 0 0   0
0 1 0   2

128
1 1 1   7
0 0 0   0
0 1 1   3

129
1 1 1   7
0 0 0   0
1 0 1   5

130
1 1 1   7
0 0 0   0
1 1 0   6

131
1 1 1   7
0 0 0   0
1 1 1   7

132
1 1 1   7
0 0 1   1
0 1 1   3

133
1 1 1   7
0 0 1   1
1 0 0   4

134
1 1 1   7
0 0 1   1
1 0 1   5

135
1 1 1   7
0 0 1   1
1 1 1   7

136
1 1 1   7
0 1 0   2
0 0 0   0

137
1 1 1   7
0 1 0   2
0 0 1   1

138
1 1 1   7
0 1 0   2
0 1 1   3

139
1 1 1   7
0 1 0   2
1 0 0   4

140
1 1 1   7
0 1 0   2
1 1 0   6

141
1 1 1   7
0 1 1   3
0 0 0   0

142
1 1 1   7
0 1 1   3
0 0 1   1

143
1 1 1   7
0 1 1   3
0 1 1   3

144
1 1 1   7
0 1 1   3
1 1 1   7

145
1 1 1   7
1 0 0   4
0 0 1   1

146
1 1 1   7
1 0 0   4
1 0 1   5

147
1 1 1   7
1 0 0   4
1 1 0   6

148
1 1 1   7
1 0 0   4
1 1 1   7

149
1 1 1   7
1 0 1   5
0 0 0   0

150
1 1 1   7
1 0 1   5
0 0 1   1

151
1 1 1   7
1 0 1   5
1 0 0   4

152
1 1 1   7
1 0 1   5
1 0 1   5

153
1 1 1   7
1 0 1   5
1 1 1   7

154
1 1 1   7
1 1 0   6
0 0 0   0

155
1 1 1   7
1 1 0   6
1 0 0   4

156
1 1 1   7
1 1 0   6
1 1 0   6

157
1 1 1   7
1 1 0   6
1 1 1   7

158
1 1 1   7
1 1 1   7
0 0 0   0

159
1 1 1   7
1 1 1   7
0 0 1   1

160
1 1 1   7
1 1 1   7
0 1 1   3

161
1 1 1   7
1 1 1   7
1 0 0   4

162
1 1 1   7
1 1 1   7
1 0 1   5

163
1 1 1   7
1 1 1   7
1 1 0   6

164
1 1 1   7
1 1 1   7
1 1 1   7

