Preparing file for debug...

1
0 0 0 0   0
0 1 0 1   5
0 0 0 0   0

2
0 0 0 0   0
0 1 0 1   5
0 0 0 1   1

3
0 0 0 0   0
0 1 0 1   5
0 0 1 1   3

4
0 0 0 0   0
0 1 0 1   5
0 1 0 0   4

5
0 0 0 0   0
0 1 0 1   5
0 1 0 1   5

6
0 0 0 0   0
0 1 0 1   5
0 1 1 1   7

7
0 0 0 0   0
0 1 0 1   5
1 0 0 0   8

8
0 0 0 0   0
0 1 0 1   5
1 0 0 1   9

9
0 0 0 0   0
0 1 0 1   5
1 1 0 0   12

10
0 0 0 0   0
0 1 0 1   5
1 1 0 1   13

11
0 0 0 0   0
0 1 0 1   5
1 1 1 1   15

12
0 0 0 0   0
0 1 1 0   6
0 0 0 0   0

13
0 0 0 0   0
0 1 1 0   6
0 0 0 1   1

14
0 0 0 0   0
0 1 1 0   6
0 0 1 0   2

15
0 0 0 0   0
0 1 1 0   6
0 0 1 1   3

16
0 0 0 0   0
0 1 1 0   6
0 1 0 0   4

17
0 0 0 0   0
0 1 1 0   6
0 1 1 0   6

18
0 0 0 0   0
0 1 1 0   6
0 1 1 1   7

19
0 0 0 0   0
0 1 1 0   6
1 0 0 0   8

20
0 0 0 0   0
0 1 1 0   6
1 1 0 0   12

21
0 0 0 0   0
0 1 1 0   6
1 1 1 0   14

22
0 0 0 0   0
0 1 1 0   6
1 1 1 1   15

23
0 0 0 0   0
0 1 1 1   7
0 0 0 0   0

24
0 0 0 0   0
0 1 1 1   7
0 0 0 1   1

25
0 0 0 0   0
0 1 1 1   7
0 0 1 1   3

26
0 0 0 0   0
0 1 1 1   7
0 1 1 1   7

27
0 0 0 0   0
0 1 1 1   7
1 1 1 1   15

28
0 0 0 0   0
1 0 1 0   10
0 0 0 0   0

29
0 0 0 0   0
1 0 1 0   10
0 0 0 1   1

30
0 0 0 0   0
1 0 1 0   10
0 0 1 0   2

31
0 0 0 0   0
1 0 1 0   10
0 0 1 1   3

32
0 0 0 0   0
1 0 1 0   10
1 0 0 0   8

33
0 0 0 0   0
1 0 1 0   10
1 0 0 1   9

34
0 0 0 0   0
1 0 1 0   10
1 0 1 0   10

35
0 0 0 0   0
1 0 1 0   10
1 0 1 1   11

36
0 0 0 0   0
1 0 1 0   10
1 1 0 0   12

37
0 0 0 0   0
1 0 1 0   10
1 1 1 0   14

38
0 0 0 0   0
1 0 1 0   10
1 1 1 1   15

39
0 0 0 0   0
1 0 1 1   11
0 0 0 0   0

40
0 0 0 0   0
1 0 1 1   11
0 0 0 1   1

41
0 0 0 0   0
1 0 1 1   11
0 0 1 1   3

42
0 0 0 0   0
1 0 1 1   11
1 0 0 0   8

43
0 0 0 0   0
1 0 1 1   11
1 0 0 1   9

44
0 0 0 0   0
1 0 1 1   11
1 0 1 1   11

45
0 0 0 0   0
1 0 1 1   11
1 1 1 1   15

46
0 0 0 0   0
1 1 0 1   13
0 0 0 0   0

47
0 0 0 0   0
1 1 0 1   13
0 0 0 1   1

48
0 0 0 0   0
1 1 0 1   13
1 0 0 0   8

49
0 0 0 0   0
1 1 0 1   13
1 0 0 1   9

50
0 0 0 0   0
1 1 0 1   13
1 1 0 0   12

51
0 0 0 0   0
1 1 0 1   13
1 1 0 1   13

52
0 0 0 0   0
1 1 0 1   13
1 1 1 1   15

53
0 0 0 0   0
1 1 1 0   14
0 0 0 0   0

54
0 0 0 0   0
1 1 1 0   14
1 0 0 0   8

55
0 0 0 0   0
1 1 1 0   14
1 1 0 0   12

56
0 0 0 0   0
1 1 1 0   14
1 1 1 0   14

57
0 0 0 0   0
1 1 1 0   14
1 1 1 1   15

58
0 0 0 0   0
1 1 1 1   15
1 1 1 1   15

59
0 0 0 1   1
0 1 0 0   4
0 0 0 1   1

60
0 0 0 1   1
0 1 0 0   4
0 0 1 0   2

61
0 0 0 1   1
0 1 0 0   4
0 0 1 1   3

62
0 0 0 1   1
0 1 0 0   4
0 1 0 1   5

63
0 0 0 1   1
0 1 0 0   4
0 1 1 0   6

64
0 0 0 1   1
0 1 0 0   4
0 1 1 1   7

65
0 0 0 1   1
0 1 0 0   4
1 0 0 1   9

66
0 0 0 1   1
0 1 0 0   4
1 1 0 1   13

67
0 0 0 1   1
0 1 0 0   4
1 1 1 0   14

68
0 0 0 1   1
0 1 0 0   4
1 1 1 1   15

69
0 0 0 1   1
0 1 0 1   5
0 0 0 0   0

70
0 0 0 1   1
0 1 0 1   5
0 0 0 1   1

71
0 0 0 1   1
0 1 0 1   5
0 0 1 1   3

72
0 0 0 1   1
0 1 0 1   5
0 1 0 0   4

73
0 0 0 1   1
0 1 0 1   5
0 1 0 1   5

74
0 0 0 1   1
0 1 0 1   5
0 1 1 1   7

75
0 0 0 1   1
0 1 0 1   5
1 0 0 0   8

76
0 0 0 1   1
0 1 0 1   5
1 0 0 1   9

77
0 0 0 1   1
0 1 0 1   5
1 1 0 0   12

78
0 0 0 1   1
0 1 0 1   5
1 1 0 1   13

79
0 0 0 1   1
0 1 0 1   5
1 1 1 1   15

80
0 0 0 1   1
0 1 1 0   6
0 0 0 0   0

81
0 0 0 1   1
0 1 1 1   7
0 0 0 0   0

82
0 0 0 1   1
0 1 1 1   7
0 0 0 1   1

83
0 0 0 1   1
0 1 1 1   7
0 0 1 1   3

84
0 0 0 1   1
0 1 1 1   7
0 1 1 1   7

85
0 0 0 1   1
0 1 1 1   7
1 1 1 1   15

86
0 0 0 1   1
1 0 1 0   10
0 0 0 0   0

87
0 0 0 1   1
1 0 1 0   10
1 0 0 0   8

88
0 0 0 1   1
1 0 1 1   11
0 0 0 0   0

89
0 0 0 1   1
1 0 1 1   11
0 0 0 1   1

90
0 0 0 1   1
1 0 1 1   11
0 0 1 1   3

91
0 0 0 1   1
1 0 1 1   11
1 0 0 0   8

92
0 0 0 1   1
1 0 1 1   11
1 0 0 1   9

93
0 0 0 1   1
1 0 1 1   11
1 0 1 1   11

94
0 0 0 1   1
1 0 1 1   11
1 1 1 1   15

95
0 0 0 1   1
1 1 0 0   12
0 0 0 1   1

96
0 0 0 1   1
1 1 0 0   12
1 0 0 1   9

97
0 0 0 1   1
1 1 0 0   12
1 1 0 1   13

98
0 0 0 1   1
1 1 0 0   12
1 1 1 0   14

99
0 0 0 1   1
1 1 0 0   12
1 1 1 1   15

100
0 0 0 1   1
1 1 0 1   13
0 0 0 0   0

101
0 0 0 1   1
1 1 0 1   13
0 0 0 1   1

102
0 0 0 1   1
1 1 0 1   13
1 0 0 0   8

103
0 0 0 1   1
1 1 0 1   13
1 0 0 1   9

104
0 0 0 1   1
1 1 0 1   13
1 1 0 0   12

105
0 0 0 1   1
1 1 0 1   13
1 1 0 1   13

106
0 0 0 1   1
1 1 0 1   13
1 1 1 1   15

107
0 0 0 1   1
1 1 1 1   15
1 1 1 1   15

108
0 0 1 0   2
0 1 0 0   4
0 0 0 1   1

109
0 0 1 0   2
0 1 1 0   6
0 0 0 0   0

110
0 0 1 0   2
1 0 0 0   8
0 0 1 0   2

111
0 0 1 0   2
1 0 0 0   8
0 0 1 1   3

112
0 0 1 0   2
1 0 0 0   8
1 0 1 0   10

113
0 0 1 0   2
1 0 0 0   8
1 0 1 1   11

114
0 0 1 0   2
1 0 0 0   8
1 1 0 1   13

115
0 0 1 0   2
1 0 0 0   8
1 1 1 0   14

116
0 0 1 0   2
1 0 0 0   8
1 1 1 1   15

117
0 0 1 0   2
1 0 1 0   10
0 0 0 0   0

118
0 0 1 0   2
1 0 1 0   10
1 0 0 0   8

119
0 0 1 1   3
0 1 0 0   4
0 0 0 1   1

120
0 0 1 1   3
0 1 0 1   5
0 0 0 0   0

121
0 0 1 1   3
0 1 0 1   5
0 0 0 1   1

122
0 0 1 1   3
0 1 1 0   6
0 0 0 0   0

123
0 0 1 1   3
0 1 1 1   7
0 0 0 0   0

124
0 0 1 1   3
0 1 1 1   7
0 0 0 1   1

125
0 0 1 1   3
0 1 1 1   7
0 0 1 1   3

126
0 0 1 1   3
0 1 1 1   7
0 1 1 1   7

127
0 0 1 1   3
0 1 1 1   7
1 1 1 1   15

128
0 0 1 1   3
1 0 0 0   8
0 0 1 0   2

129
0 0 1 1   3
1 0 0 0   8
0 0 1 1   3

130
0 0 1 1   3
1 0 0 0   8
1 0 1 0   10

131
0 0 1 1   3
1 0 0 0   8
1 0 1 1   11

132
0 0 1 1   3
1 0 0 0   8
1 1 0 1   13

133
0 0 1 1   3
1 0 0 0   8
1 1 1 0   14

134
0 0 1 1   3
1 0 0 0   8
1 1 1 1   15

135
0 0 1 1   3
1 0 0 1   9
0 0 1 1   3

136
0 0 1 1   3
1 0 0 1   9
1 0 1 1   11

137
0 0 1 1   3
1 0 0 1   9
1 1 0 0   12

138
0 0 1 1   3
1 0 0 1   9
1 1 0 1   13

139
0 0 1 1   3
1 0 0 1   9
1 1 1 1   15

140
0 0 1 1   3
1 0 1 0   10
0 0 0 0   0

141
0 0 1 1   3
1 0 1 0   10
1 0 0 0   8

142
0 0 1 1   3
1 0 1 1   11
0 0 0 0   0

143
0 0 1 1   3
1 0 1 1   11
0 0 0 1   1

144
0 0 1 1   3
1 0 1 1   11
0 0 1 1   3

145
0 0 1 1   3
1 0 1 1   11
1 0 0 0   8

146
0 0 1 1   3
1 0 1 1   11
1 0 0 1   9

147
0 0 1 1   3
1 0 1 1   11
1 0 1 1   11

148
0 0 1 1   3
1 0 1 1   11
1 1 1 1   15

149
0 0 1 1   3
1 1 1 1   15
1 1 1 1   15

150
0 1 0 0   4
0 0 0 1   1
0 1 0 0   4

151
0 1 0 0   4
0 0 0 1   1
0 1 0 1   5

152
0 1 0 0   4
0 0 0 1   1
0 1 1 1   7

153
0 1 0 0   4
0 0 0 1   1
1 0 1 1   11

154
0 1 0 0   4
0 0 0 1   1
1 1 0 0   12

155
0 1 0 0   4
0 0 0 1   1
1 1 0 1   13

156
0 1 0 0   4
0 0 0 1   1
1 1 1 1   15

157
0 1 0 0   4
0 0 1 0   2
1 0 0 0   8

158
0 1 0 0   4
0 1 0 1   5
0 0 0 0   0

159
0 1 0 0   4
0 1 0 1   5
0 0 0 1   1

160
0 1 0 0   4
0 1 1 0   6
0 0 0 0   0

161
0 1 0 1   5
0 0 0 0   0
0 1 0 1   5

162
0 1 0 1   5
0 0 0 0   0
0 1 1 0   6

163
0 1 0 1   5
0 0 0 0   0
0 1 1 1   7

164
0 1 0 1   5
0 0 0 0   0
1 0 1 0   10

165
0 1 0 1   5
0 0 0 0   0
1 0 1 1   11

166
0 1 0 1   5
0 0 0 0   0
1 1 0 1   13

167
0 1 0 1   5
0 0 0 0   0
1 1 1 0   14

168
0 1 0 1   5
0 0 0 0   0
1 1 1 1   15

169
0 1 0 1   5
0 0 0 1   1
0 1 0 0   4

170
0 1 0 1   5
0 0 0 1   1
0 1 0 1   5

171
0 1 0 1   5
0 0 0 1   1
0 1 1 1   7

172
0 1 0 1   5
0 0 0 1   1
1 0 1 1   11

173
0 1 0 1   5
0 0 0 1   1
1 1 0 0   12

174
0 1 0 1   5
0 0 0 1   1
1 1 0 1   13

175
0 1 0 1   5
0 0 0 1   1
1 1 1 1   15

176
0 1 0 1   5
0 1 0 0   4
0 0 0 1   1

177
0 1 0 1   5
0 1 0 1   5
0 0 0 0   0

178
0 1 0 1   5
0 1 0 1   5
0 0 0 1   1

179
0 1 1 0   6
0 0 0 0   0
0 1 0 1   5

180
0 1 1 0   6
0 0 0 0   0
0 1 1 0   6

181
0 1 1 0   6
0 0 0 0   0
0 1 1 1   7

182
0 1 1 0   6
0 0 0 0   0
1 0 1 0   10

183
0 1 1 0   6
0 0 0 0   0
1 0 1 1   11

184
0 1 1 0   6
0 0 0 0   0
1 1 0 1   13

185
0 1 1 0   6
0 0 0 0   0
1 1 1 0   14

186
0 1 1 0   6
0 0 0 0   0
1 1 1 1   15

187
0 1 1 0   6
0 0 1 0   2
1 0 0 0   8

188
0 1 1 0   6
0 1 0 0   4
0 0 0 1   1

189
0 1 1 0   6
0 1 1 0   6
0 0 0 0   0

190
0 1 1 1   7
0 0 0 0   0
0 1 0 1   5

191
0 1 1 1   7
0 0 0 0   0
0 1 1 0   6

192
0 1 1 1   7
0 0 0 0   0
0 1 1 1   7

193
0 1 1 1   7
0 0 0 0   0
1 0 1 0   10

194
0 1 1 1   7
0 0 0 0   0
1 0 1 1   11

195
0 1 1 1   7
0 0 0 0   0
1 1 0 1   13

196
0 1 1 1   7
0 0 0 0   0
1 1 1 0   14

197
0 1 1 1   7
0 0 0 0   0
1 1 1 1   15

198
0 1 1 1   7
0 0 0 1   1
0 1 0 0   4

199
0 1 1 1   7
0 0 0 1   1
0 1 0 1   5

200
0 1 1 1   7
0 0 0 1   1
0 1 1 1   7

201
0 1 1 1   7
0 0 0 1   1
1 0 1 1   11

202
0 1 1 1   7
0 0 0 1   1
1 1 0 0   12

203
0 1 1 1   7
0 0 0 1   1
1 1 0 1   13

204
0 1 1 1   7
0 0 0 1   1
1 1 1 1   15

205
0 1 1 1   7
0 0 1 0   2
1 0 0 0   8

206
0 1 1 1   7
0 0 1 1   3
0 1 1 1   7

207
0 1 1 1   7
0 0 1 1   3
1 0 0 0   8

208
0 1 1 1   7
0 0 1 1   3
1 0 0 1   9

209
0 1 1 1   7
0 0 1 1   3
1 0 1 1   11

210
0 1 1 1   7
0 0 1 1   3
1 1 1 1   15

211
0 1 1 1   7
0 1 0 0   4
0 0 0 1   1

212
0 1 1 1   7
0 1 0 1   5
0 0 0 0   0

213
0 1 1 1   7
0 1 0 1   5
0 0 0 1   1

214
0 1 1 1   7
0 1 1 0   6
0 0 0 0   0

215
0 1 1 1   7
0 1 1 1   7
0 0 0 0   0

216
0 1 1 1   7
0 1 1 1   7
0 0 0 1   1

217
0 1 1 1   7
0 1 1 1   7
0 0 1 1   3

218
0 1 1 1   7
0 1 1 1   7
0 1 1 1   7

219
0 1 1 1   7
0 1 1 1   7
1 1 1 1   15

220
0 1 1 1   7
1 1 1 1   15
1 1 1 1   15

221
1 0 0 0   8
0 0 1 0   2
0 1 0 0   4

222
1 0 0 0   8
0 0 1 0   2
0 1 1 0   6

223
1 0 0 0   8
0 0 1 0   2
0 1 1 1   7

224
1 0 0 0   8
0 0 1 0   2
1 0 0 0   8

225
1 0 0 0   8
0 0 1 0   2
1 0 0 1   9

226
1 0 0 0   8
0 0 1 0   2
1 0 1 0   10

227
1 0 0 0   8
0 0 1 0   2
1 0 1 1   11

228
1 0 0 0   8
0 0 1 0   2
1 1 0 0   12

229
1 0 0 0   8
0 0 1 0   2
1 1 1 0   14

230
1 0 0 0   8
0 0 1 0   2
1 1 1 1   15

231
1 0 0 0   8
0 0 1 1   3
0 1 1 1   7

232
1 0 0 0   8
0 0 1 1   3
1 0 0 0   8

233
1 0 0 0   8
0 0 1 1   3
1 0 0 1   9

234
1 0 0 0   8
0 0 1 1   3
1 0 1 1   11

235
1 0 0 0   8
0 0 1 1   3
1 1 1 1   15

236
1 0 0 0   8
0 1 0 1   5
0 0 0 0   0

237
1 0 0 0   8
0 1 0 1   5
0 0 0 1   1

238
1 0 0 0   8
0 1 1 0   6
0 0 0 0   0

239
1 0 0 0   8
1 0 1 0   10
0 0 0 0   0

240
1 0 0 0   8
1 0 1 0   10
0 0 0 1   1

241
1 0 0 0   8
1 0 1 0   10
0 0 1 0   2

242
1 0 0 0   8
1 0 1 0   10
0 0 1 1   3

243
1 0 0 0   8
1 0 1 0   10
1 0 0 0   8

244
1 0 0 0   8
1 0 1 0   10
1 0 0 1   9

245
1 0 0 0   8
1 0 1 0   10
1 0 1 0   10

246
1 0 0 0   8
1 0 1 0   10
1 0 1 1   11

247
1 0 0 0   8
1 0 1 0   10
1 1 0 0   12

248
1 0 0 0   8
1 0 1 0   10
1 1 1 0   14

249
1 0 0 0   8
1 0 1 0   10
1 1 1 1   15

250
1 0 0 0   8
1 0 1 1   11
0 0 0 0   0

251
1 0 0 0   8
1 0 1 1   11
0 0 0 1   1

252
1 0 0 0   8
1 0 1 1   11
0 0 1 1   3

253
1 0 0 0   8
1 0 1 1   11
1 0 0 0   8

254
1 0 0 0   8
1 0 1 1   11
1 0 0 1   9

255
1 0 0 0   8
1 0 1 1   11
1 0 1 1   11

256
1 0 0 0   8
1 0 1 1   11
1 1 1 1   15

257
1 0 0 0   8
1 1 0 1   13
0 0 0 0   0

258
1 0 0 0   8
1 1 0 1   13
0 0 0 1   1

259
1 0 0 0   8
1 1 0 1   13
1 0 0 0   8

260
1 0 0 0   8
1 1 0 1   13
1 0 0 1   9

261
1 0 0 0   8
1 1 0 1   13
1 1 0 0   12

262
1 0 0 0   8
1 1 0 1   13
1 1 0 1   13

263
1 0 0 0   8
1 1 0 1   13
1 1 1 1   15

264
1 0 0 0   8
1 1 1 0   14
0 0 0 0   0

265
1 0 0 0   8
1 1 1 0   14
1 0 0 0   8

266
1 0 0 0   8
1 1 1 0   14
1 1 0 0   12

267
1 0 0 0   8
1 1 1 0   14
1 1 1 0   14

268
1 0 0 0   8
1 1 1 0   14
1 1 1 1   15

269
1 0 0 0   8
1 1 1 1   15
1 1 1 1   15

270
1 0 0 1   9
0 0 1 0   2
1 0 0 0   8

271
1 0 0 1   9
0 0 1 1   3
0 1 1 1   7

272
1 0 0 1   9
0 0 1 1   3
1 0 0 0   8

273
1 0 0 1   9
0 0 1 1   3
1 0 0 1   9

274
1 0 0 1   9
0 0 1 1   3
1 0 1 1   11

275
1 0 0 1   9
0 0 1 1   3
1 1 1 1   15

276
1 0 0 1   9
0 1 0 0   4
0 0 0 1   1

277
1 0 0 1   9
0 1 0 1   5
0 0 0 0   0

278
1 0 0 1   9
0 1 0 1   5
0 0 0 1   1

279
1 0 0 1   9
1 0 1 0   10
0 0 0 0   0

280
1 0 0 1   9
1 0 1 0   10
1 0 0 0   8

281
1 0 0 1   9
1 0 1 1   11
0 0 0 0   0

282
1 0 0 1   9
1 0 1 1   11
0 0 0 1   1

283
1 0 0 1   9
1 0 1 1   11
0 0 1 1   3

284
1 0 0 1   9
1 0 1 1   11
1 0 0 0   8

285
1 0 0 1   9
1 0 1 1   11
1 0 0 1   9

286
1 0 0 1   9
1 0 1 1   11
1 0 1 1   11

287
1 0 0 1   9
1 0 1 1   11
1 1 1 1   15

288
1 0 0 1   9
1 1 0 0   12
0 0 0 1   1

289
1 0 0 1   9
1 1 0 0   12
1 0 0 1   9

290
1 0 0 1   9
1 1 0 0   12
1 1 0 1   13

291
1 0 0 1   9
1 1 0 0   12
1 1 1 0   14

292
1 0 0 1   9
1 1 0 0   12
1 1 1 1   15

293
1 0 0 1   9
1 1 0 1   13
0 0 0 0   0

294
1 0 0 1   9
1 1 0 1   13
0 0 0 1   1

295
1 0 0 1   9
1 1 0 1   13
1 0 0 0   8

296
1 0 0 1   9
1 1 0 1   13
1 0 0 1   9

297
1 0 0 1   9
1 1 0 1   13
1 1 0 0   12

298
1 0 0 1   9
1 1 0 1   13
1 1 0 1   13

299
1 0 0 1   9
1 1 0 1   13
1 1 1 1   15

300
1 0 0 1   9
1 1 1 1   15
1 1 1 1   15

301
1 0 1 0   10
0 0 0 0   0
0 1 0 1   5

302
1 0 1 0   10
0 0 0 0   0
0 1 1 0   6

303
1 0 1 0   10
0 0 0 0   0
0 1 1 1   7

304
1 0 1 0   10
0 0 0 0   0
1 0 1 0   10

305
1 0 1 0   10
0 0 0 0   0
1 0 1 1   11

306
1 0 1 0   10
0 0 0 0   0
1 1 0 1   13

307
1 0 1 0   10
0 0 0 0   0
1 1 1 0   14

308
1 0 1 0   10
0 0 0 0   0
1 1 1 1   15

309
1 0 1 0   10
0 0 1 0   2
1 0 0 0   8

310
1 0 1 0   10
1 0 0 0   8
0 0 1 0   2

311
1 0 1 0   10
1 0 0 0   8
0 0 1 1   3

312
1 0 1 0   10
1 0 0 0   8
1 0 1 0   10

313
1 0 1 0   10
1 0 0 0   8
1 0 1 1   11

314
1 0 1 0   10
1 0 0 0   8
1 1 0 1   13

315
1 0 1 0   10
1 0 0 0   8
1 1 1 0   14

316
1 0 1 0   10
1 0 0 0   8
1 1 1 1   15

317
1 0 1 0   10
1 0 1 0   10
0 0 0 0   0

318
1 0 1 0   10
1 0 1 0   10
1 0 0 0   8

319
1 0 1 1   11
0 0 0 0   0
0 1 0 1   5

320
1 0 1 1   11
0 0 0 0   0
0 1 1 0   6

321
1 0 1 1   11
0 0 0 0   0
0 1 1 1   7

322
1 0 1 1   11
0 0 0 0   0
1 0 1 0   10

323
1 0 1 1   11
0 0 0 0   0
1 0 1 1   11

324
1 0 1 1   11
0 0 0 0   0
1 1 0 1   13

325
1 0 1 1   11
0 0 0 0   0
1 1 1 0   14

326
1 0 1 1   11
0 0 0 0   0
1 1 1 1   15

327
1 0 1 1   11
0 0 0 1   1
0 1 0 0   4

328
1 0 1 1   11
0 0 0 1   1
0 1 0 1   5

329
1 0 1 1   11
0 0 0 1   1
0 1 1 1   7

330
1 0 1 1   11
0 0 0 1   1
1 0 1 1   11

331
1 0 1 1   11
0 0 0 1   1
1 1 0 0   12

332
1 0 1 1   11
0 0 0 1   1
1 1 0 1   13

333
1 0 1 1   11
0 0 0 1   1
1 1 1 1   15

334
1 0 1 1   11
0 0 1 0   2
1 0 0 0   8

335
1 0 1 1   11
0 0 1 1   3
0 1 1 1   7

336
1 0 1 1   11
0 0 1 1   3
1 0 0 0   8

337
1 0 1 1   11
0 0 1 1   3
1 0 0 1   9

338
1 0 1 1   11
0 0 1 1   3
1 0 1 1   11

339
1 0 1 1   11
0 0 1 1   3
1 1 1 1   15

340
1 0 1 1   11
1 0 0 0   8
0 0 1 0   2

341
1 0 1 1   11
1 0 0 0   8
0 0 1 1   3

342
1 0 1 1   11
1 0 0 0   8
1 0 1 0   10

343
1 0 1 1   11
1 0 0 0   8
1 0 1 1   11

344
1 0 1 1   11
1 0 0 0   8
1 1 0 1   13

345
1 0 1 1   11
1 0 0 0   8
1 1 1 0   14

346
1 0 1 1   11
1 0 0 0   8
1 1 1 1   15

347
1 0 1 1   11
1 0 0 1   9
0 0 1 1   3

348
1 0 1 1   11
1 0 0 1   9
1 0 1 1   11

349
1 0 1 1   11
1 0 0 1   9
1 1 0 0   12

350
1 0 1 1   11
1 0 0 1   9
1 1 0 1   13

351
1 0 1 1   11
1 0 0 1   9
1 1 1 1   15

352
1 0 1 1   11
1 0 1 0   10
0 0 0 0   0

353
1 0 1 1   11
1 0 1 0   10
1 0 0 0   8

354
1 0 1 1   11
1 0 1 1   11
0 0 0 0   0

355
1 0 1 1   11
1 0 1 1   11
0 0 0 1   1

356
1 0 1 1   11
1 0 1 1   11
0 0 1 1   3

357
1 0 1 1   11
1 0 1 1   11
1 0 0 0   8

358
1 0 1 1   11
1 0 1 1   11
1 0 0 1   9

359
1 0 1 1   11
1 0 1 1   11
1 0 1 1   11

360
1 0 1 1   11
1 0 1 1   11
1 1 1 1   15

361
1 0 1 1   11
1 1 1 1   15
1 1 1 1   15

362
1 1 0 0   12
0 0 0 1   1
0 1 0 0   4

363
1 1 0 0   12
0 0 0 1   1
0 1 0 1   5

364
1 1 0 0   12
0 0 0 1   1
0 1 1 1   7

365
1 1 0 0   12
0 0 0 1   1
1 0 1 1   11

366
1 1 0 0   12
0 0 0 1   1
1 1 0 0   12

367
1 1 0 0   12
0 0 0 1   1
1 1 0 1   13

368
1 1 0 0   12
0 0 0 1   1
1 1 1 1   15

369
1 1 0 0   12
0 0 1 0   2
1 0 0 0   8

370
1 1 0 0   12
0 1 0 1   5
0 0 0 0   0

371
1 1 0 0   12
0 1 0 1   5
0 0 0 1   1

372
1 1 0 0   12
0 1 1 0   6
0 0 0 0   0

373
1 1 0 0   12
1 0 0 1   9
0 0 1 1   3

374
1 1 0 0   12
1 0 0 1   9
1 0 1 1   11

375
1 1 0 0   12
1 0 0 1   9
1 1 0 0   12

376
1 1 0 0   12
1 0 0 1   9
1 1 0 1   13

377
1 1 0 0   12
1 0 0 1   9
1 1 1 1   15

378
1 1 0 0   12
1 0 1 0   10
0 0 0 0   0

379
1 1 0 0   12
1 0 1 0   10
1 0 0 0   8

380
1 1 0 0   12
1 1 0 1   13
0 0 0 0   0

381
1 1 0 0   12
1 1 0 1   13
0 0 0 1   1

382
1 1 0 0   12
1 1 0 1   13
1 0 0 0   8

383
1 1 0 0   12
1 1 0 1   13
1 0 0 1   9

384
1 1 0 0   12
1 1 0 1   13
1 1 0 0   12

385
1 1 0 0   12
1 1 0 1   13
1 1 0 1   13

386
1 1 0 0   12
1 1 0 1   13
1 1 1 1   15

387
1 1 0 0   12
1 1 1 0   14
0 0 0 0   0

388
1 1 0 0   12
1 1 1 0   14
1 0 0 0   8

389
1 1 0 0   12
1 1 1 0   14
1 1 0 0   12

390
1 1 0 0   12
1 1 1 0   14
1 1 1 0   14

391
1 1 0 0   12
1 1 1 0   14
1 1 1 1   15

392
1 1 0 0   12
1 1 1 1   15
1 1 1 1   15

393
1 1 0 1   13
0 0 0 0   0
0 1 0 1   5

394
1 1 0 1   13
0 0 0 0   0
0 1 1 0   6

395
1 1 0 1   13
0 0 0 0   0
0 1 1 1   7

396
1 1 0 1   13
0 0 0 0   0
1 0 1 0   10

397
1 1 0 1   13
0 0 0 0   0
1 0 1 1   11

398
1 1 0 1   13
0 0 0 0   0
1 1 0 1   13

399
1 1 0 1   13
0 0 0 0   0
1 1 1 0   14

400
1 1 0 1   13
0 0 0 0   0
1 1 1 1   15

401
1 1 0 1   13
0 0 0 1   1
0 1 0 0   4

402
1 1 0 1   13
0 0 0 1   1
0 1 0 1   5

403
1 1 0 1   13
0 0 0 1   1
0 1 1 1   7

404
1 1 0 1   13
0 0 0 1   1
1 0 1 1   11

405
1 1 0 1   13
0 0 0 1   1
1 1 0 0   12

406
1 1 0 1   13
0 0 0 1   1
1 1 0 1   13

407
1 1 0 1   13
0 0 0 1   1
1 1 1 1   15

408
1 1 0 1   13
0 1 0 0   4
0 0 0 1   1

409
1 1 0 1   13
0 1 0 1   5
0 0 0 0   0

410
1 1 0 1   13
0 1 0 1   5
0 0 0 1   1

411
1 1 0 1   13
1 0 0 0   8
0 0 1 0   2

412
1 1 0 1   13
1 0 0 0   8
0 0 1 1   3

413
1 1 0 1   13
1 0 0 0   8
1 0 1 0   10

414
1 1 0 1   13
1 0 0 0   8
1 0 1 1   11

415
1 1 0 1   13
1 0 0 0   8
1 1 0 1   13

416
1 1 0 1   13
1 0 0 0   8
1 1 1 0   14

417
1 1 0 1   13
1 0 0 0   8
1 1 1 1   15

418
1 1 0 1   13
1 0 0 1   9
0 0 1 1   3

419
1 1 0 1   13
1 0 0 1   9
1 0 1 1   11

420
1 1 0 1   13
1 0 0 1   9
1 1 0 0   12

421
1 1 0 1   13
1 0 0 1   9
1 1 0 1   13

422
1 1 0 1   13
1 0 0 1   9
1 1 1 1   15

423
1 1 0 1   13
1 1 0 0   12
0 0 0 1   1

424
1 1 0 1   13
1 1 0 0   12
1 0 0 1   9

425
1 1 0 1   13
1 1 0 0   12
1 1 0 1   13

426
1 1 0 1   13
1 1 0 0   12
1 1 1 0   14

427
1 1 0 1   13
1 1 0 0   12
1 1 1 1   15

428
1 1 0 1   13
1 1 0 1   13
0 0 0 0   0

429
1 1 0 1   13
1 1 0 1   13
0 0 0 1   1

430
1 1 0 1   13
1 1 0 1   13
1 0 0 0   8

431
1 1 0 1   13
1 1 0 1   13
1 0 0 1   9

432
1 1 0 1   13
1 1 0 1   13
1 1 0 0   12

433
1 1 0 1   13
1 1 0 1   13
1 1 0 1   13

434
1 1 0 1   13
1 1 0 1   13
1 1 1 1   15

435
1 1 0 1   13
1 1 1 1   15
1 1 1 1   15

436
1 1 1 0   14
0 0 0 0   0
0 1 0 1   5

437
1 1 1 0   14
0 0 0 0   0
0 1 1 0   6

438
1 1 1 0   14
0 0 0 0   0
0 1 1 1   7

439
1 1 1 0   14
0 0 0 0   0
1 0 1 0   10

440
1 1 1 0   14
0 0 0 0   0
1 0 1 1   11

441
1 1 1 0   14
0 0 0 0   0
1 1 0 1   13

442
1 1 1 0   14
0 0 0 0   0
1 1 1 0   14

443
1 1 1 0   14
0 0 0 0   0
1 1 1 1   15

444
1 1 1 0   14
0 0 1 0   2
1 0 0 0   8

445
1 1 1 0   14
0 1 0 0   4
0 0 0 1   1

446
1 1 1 0   14
0 1 1 0   6
0 0 0 0   0

447
1 1 1 0   14
1 0 0 0   8
0 0 1 0   2

448
1 1 1 0   14
1 0 0 0   8
0 0 1 1   3

449
1 1 1 0   14
1 0 0 0   8
1 0 1 0   10

450
1 1 1 0   14
1 0 0 0   8
1 0 1 1   11

451
1 1 1 0   14
1 0 0 0   8
1 1 0 1   13

452
1 1 1 0   14
1 0 0 0   8
1 1 1 0   14

453
1 1 1 0   14
1 0 0 0   8
1 1 1 1   15

454
1 1 1 0   14
1 0 1 0   10
0 0 0 0   0

455
1 1 1 0   14
1 0 1 0   10
1 0 0 0   8

456
1 1 1 0   14
1 1 0 0   12
0 0 0 1   1

457
1 1 1 0   14
1 1 0 0   12
1 0 0 1   9

458
1 1 1 0   14
1 1 0 0   12
1 1 0 1   13

459
1 1 1 0   14
1 1 0 0   12
1 1 1 0   14

460
1 1 1 0   14
1 1 0 0   12
1 1 1 1   15

461
1 1 1 0   14
1 1 1 0   14
0 0 0 0   0

462
1 1 1 0   14
1 1 1 0   14
1 0 0 0   8

463
1 1 1 0   14
1 1 1 0   14
1 1 0 0   12

464
1 1 1 0   14
1 1 1 0   14
1 1 1 0   14

465
1 1 1 0   14
1 1 1 0   14
1 1 1 1   15

466
1 1 1 0   14
1 1 1 1   15
1 1 1 1   15

467
1 1 1 1   15
0 0 0 0   0
0 1 0 1   5

468
1 1 1 1   15
0 0 0 0   0
0 1 1 0   6

469
1 1 1 1   15
0 0 0 0   0
0 1 1 1   7

470
1 1 1 1   15
0 0 0 0   0
1 0 1 0   10

471
1 1 1 1   15
0 0 0 0   0
1 0 1 1   11

472
1 1 1 1   15
0 0 0 0   0
1 1 0 1   13

473
1 1 1 1   15
0 0 0 0   0
1 1 1 0   14

474
1 1 1 1   15
0 0 0 0   0
1 1 1 1   15

475
1 1 1 1   15
0 0 0 1   1
0 1 0 0   4

476
1 1 1 1   15
0 0 0 1   1
0 1 0 1   5

477
1 1 1 1   15
0 0 0 1   1
0 1 1 1   7

478
1 1 1 1   15
0 0 0 1   1
1 0 1 1   11

479
1 1 1 1   15
0 0 0 1   1
1 1 0 0   12

480
1 1 1 1   15
0 0 0 1   1
1 1 0 1   13

481
1 1 1 1   15
0 0 0 1   1
1 1 1 1   15

482
1 1 1 1   15
0 0 1 0   2
1 0 0 0   8

483
1 1 1 1   15
0 0 1 1   3
0 1 1 1   7

484
1 1 1 1   15
0 0 1 1   3
1 0 0 0   8

485
1 1 1 1   15
0 0 1 1   3
1 0 0 1   9

486
1 1 1 1   15
0 0 1 1   3
1 0 1 1   11

487
1 1 1 1   15
0 0 1 1   3
1 1 1 1   15

488
1 1 1 1   15
0 1 0 0   4
0 0 0 1   1

489
1 1 1 1   15
0 1 0 1   5
0 0 0 0   0

490
1 1 1 1   15
0 1 0 1   5
0 0 0 1   1

491
1 1 1 1   15
0 1 1 0   6
0 0 0 0   0

492
1 1 1 1   15
0 1 1 1   7
0 0 0 0   0

493
1 1 1 1   15
0 1 1 1   7
0 0 0 1   1

494
1 1 1 1   15
0 1 1 1   7
0 0 1 1   3

495
1 1 1 1   15
0 1 1 1   7
0 1 1 1   7

496
1 1 1 1   15
0 1 1 1   7
1 1 1 1   15

497
1 1 1 1   15
1 0 0 0   8
0 0 1 0   2

498
1 1 1 1   15
1 0 0 0   8
0 0 1 1   3

499
1 1 1 1   15
1 0 0 0   8
1 0 1 0   10

500
1 1 1 1   15
1 0 0 0   8
1 0 1 1   11

501
1 1 1 1   15
1 0 0 0   8
1 1 0 1   13

502
1 1 1 1   15
1 0 0 0   8
1 1 1 0   14

503
1 1 1 1   15
1 0 0 0   8
1 1 1 1   15

504
1 1 1 1   15
1 0 0 1   9
0 0 1 1   3

505
1 1 1 1   15
1 0 0 1   9
1 0 1 1   11

506
1 1 1 1   15
1 0 0 1   9
1 1 0 0   12

507
1 1 1 1   15
1 0 0 1   9
1 1 0 1   13

508
1 1 1 1   15
1 0 0 1   9
1 1 1 1   15

509
1 1 1 1   15
1 0 1 0   10
0 0 0 0   0

510
1 1 1 1   15
1 0 1 0   10
1 0 0 0   8

511
1 1 1 1   15
1 0 1 1   11
0 0 0 0   0

512
1 1 1 1   15
1 0 1 1   11
0 0 0 1   1

513
1 1 1 1   15
1 0 1 1   11
0 0 1 1   3

514
1 1 1 1   15
1 0 1 1   11
1 0 0 0   8

515
1 1 1 1   15
1 0 1 1   11
1 0 0 1   9

516
1 1 1 1   15
1 0 1 1   11
1 0 1 1   11

517
1 1 1 1   15
1 0 1 1   11
1 1 1 1   15

518
1 1 1 1   15
1 1 0 0   12
0 0 0 1   1

519
1 1 1 1   15
1 1 0 0   12
1 0 0 1   9

520
1 1 1 1   15
1 1 0 0   12
1 1 0 1   13

521
1 1 1 1   15
1 1 0 0   12
1 1 1 0   14

522
1 1 1 1   15
1 1 0 0   12
1 1 1 1   15

523
1 1 1 1   15
1 1 0 1   13
0 0 0 0   0

524
1 1 1 1   15
1 1 0 1   13
0 0 0 1   1

525
1 1 1 1   15
1 1 0 1   13
1 0 0 0   8

526
1 1 1 1   15
1 1 0 1   13
1 0 0 1   9

527
1 1 1 1   15
1 1 0 1   13
1 1 0 0   12

528
1 1 1 1   15
1 1 0 1   13
1 1 0 1   13

529
1 1 1 1   15
1 1 0 1   13
1 1 1 1   15

530
1 1 1 1   15
1 1 1 0   14
0 0 0 0   0

531
1 1 1 1   15
1 1 1 0   14
1 0 0 0   8

532
1 1 1 1   15
1 1 1 0   14
1 1 0 0   12

533
1 1 1 1   15
1 1 1 0   14
1 1 1 0   14

534
1 1 1 1   15
1 1 1 0   14
1 1 1 1   15

535
1 1 1 1   15
1 1 1 1   15
0 0 0 0   0

536
1 1 1 1   15
1 1 1 1   15
0 0 0 1   1

537
1 1 1 1   15
1 1 1 1   15
0 0 1 1   3

538
1 1 1 1   15
1 1 1 1   15
0 1 1 1   7

539
1 1 1 1   15
1 1 1 1   15
1 0 0 0   8

540
1 1 1 1   15
1 1 1 1   15
1 0 0 1   9

541
1 1 1 1   15
1 1 1 1   15
1 0 1 1   11

542
1 1 1 1   15
1 1 1 1   15
1 1 0 0   12

543
1 1 1 1   15
1 1 1 1   15
1 1 0 1   13

544
1 1 1 1   15
1 1 1 1   15
1 1 1 0   14

545
1 1 1 1   15
1 1 1 1   15
1 1 1 1   15

