Preparing file for debug...

1
0 0 0   0
0 1 0   2
0 0 0   0
0 1 0   2

2
0 0 0   0
0 1 0   2
0 0 0   0
0 1 1   3

3
0 0 0   0
0 1 0   2
0 0 0   0
1 0 1   5

4
0 0 0   0
0 1 0   2
0 0 0   0
1 1 0   6

5
0 0 0   0
0 1 0   2
0 0 0   0
1 1 1   7

6
0 0 0   0
0 1 0   2
0 0 1   1
0 1 1   3

7
0 0 0   0
0 1 0   2
0 0 1   1
1 0 0   4

8
0 0 0   0
0 1 0   2
0 0 1   1
1 0 1   5

9
0 0 0   0
0 1 0   2
0 0 1   1
1 1 1   7

10
0 0 0   0
0 1 0   2
0 1 0   2
0 0 0   0

11
0 0 0   0
0 1 0   2
0 1 0   2
0 0 1   1

12
0 0 0   0
0 1 0   2
0 1 0   2
0 1 0   2

13
0 0 0   0
0 1 0   2
0 1 0   2
0 1 1   3

14
0 0 0   0
0 1 0   2
0 1 0   2
1 0 0   4

15
0 0 0   0
0 1 0   2
0 1 0   2
1 1 0   6

16
0 0 0   0
0 1 0   2
0 1 0   2
1 1 1   7

17
0 0 0   0
0 1 0   2
0 1 1   3
0 0 0   0

18
0 0 0   0
0 1 0   2
0 1 1   3
0 0 1   1

19
0 0 0   0
0 1 0   2
0 1 1   3
0 1 1   3

20
0 0 0   0
0 1 0   2
0 1 1   3
1 1 1   7

21
0 0 0   0
0 1 0   2
1 0 0   4
0 0 1   1

22
0 0 0   0
0 1 0   2
1 0 0   4
1 0 1   5

23
0 0 0   0
0 1 0   2
1 0 0   4
1 1 0   6

24
0 0 0   0
0 1 0   2
1 0 0   4
1 1 1   7

25
0 0 0   0
0 1 0   2
1 1 0   6
0 0 0   0

26
0 0 0   0
0 1 0   2
1 1 0   6
1 0 0   4

27
0 0 0   0
0 1 0   2
1 1 0   6
1 1 0   6

28
0 0 0   0
0 1 0   2
1 1 0   6
1 1 1   7

29
0 0 0   0
0 1 0   2
1 1 1   7
1 1 1   7

30
0 0 0   0
0 1 1   3
0 0 0   0
0 1 0   2

31
0 0 0   0
0 1 1   3
0 0 0   0
0 1 1   3

32
0 0 0   0
0 1 1   3
0 0 0   0
1 0 1   5

33
0 0 0   0
0 1 1   3
0 0 0   0
1 1 0   6

34
0 0 0   0
0 1 1   3
0 0 0   0
1 1 1   7

35
0 0 0   0
0 1 1   3
0 0 1   1
0 1 1   3

36
0 0 0   0
0 1 1   3
0 0 1   1
1 0 0   4

37
0 0 0   0
0 1 1   3
0 0 1   1
1 0 1   5

38
0 0 0   0
0 1 1   3
0 0 1   1
1 1 1   7

39
0 0 0   0
0 1 1   3
0 1 0   2
0 0 0   0

40
0 0 0   0
0 1 1   3
0 1 1   3
0 0 0   0

41
0 0 0   0
0 1 1   3
0 1 1   3
0 0 1   1

42
0 0 0   0
0 1 1   3
0 1 1   3
0 1 1   3

43
0 0 0   0
0 1 1   3
0 1 1   3
1 1 1   7

44
0 0 0   0
0 1 1   3
1 1 1   7
1 1 1   7

45
0 0 0   0
1 0 1   5
0 0 0   0
0 1 0   2

46
0 0 0   0
1 0 1   5
0 0 0   0
0 1 1   3

47
0 0 0   0
1 0 1   5
0 0 0   0
1 0 1   5

48
0 0 0   0
1 0 1   5
0 0 0   0
1 1 0   6

49
0 0 0   0
1 0 1   5
0 0 0   0
1 1 1   7

50
0 0 0   0
1 0 1   5
0 0 1   1
0 1 1   3

51
0 0 0   0
1 0 1   5
0 0 1   1
1 0 0   4

52
0 0 0   0
1 0 1   5
0 0 1   1
1 0 1   5

53
0 0 0   0
1 0 1   5
0 0 1   1
1 1 1   7

54
0 0 0   0
1 0 1   5
1 0 0   4
0 0 1   1

55
0 0 0   0
1 0 1   5
1 0 0   4
1 0 1   5

56
0 0 0   0
1 0 1   5
1 0 0   4
1 1 0   6

57
0 0 0   0
1 0 1   5
1 0 0   4
1 1 1   7

58
0 0 0   0
1 0 1   5
1 0 1   5
0 0 0   0

59
0 0 0   0
1 0 1   5
1 0 1   5
0 0 1   1

60
0 0 0   0
1 0 1   5
1 0 1   5
1 0 0   4

61
0 0 0   0
1 0 1   5
1 0 1   5
1 0 1   5

62
0 0 0   0
1 0 1   5
1 0 1   5
1 1 1   7

63
0 0 0   0
1 0 1   5
1 1 1   7
1 1 1   7

64
0 0 0   0
1 1 0   6
0 0 0   0
0 1 0   2

65
0 0 0   0
1 1 0   6
0 0 0   0
0 1 1   3

66
0 0 0   0
1 1 0   6
0 0 0   0
1 0 1   5

67
0 0 0   0
1 1 0   6
0 0 0   0
1 1 0   6

68
0 0 0   0
1 1 0   6
0 0 0   0
1 1 1   7

69
0 0 0   0
1 1 0   6
0 1 0   2
0 0 0   0

70
0 0 0   0
1 1 0   6
1 0 0   4
0 0 1   1

71
0 0 0   0
1 1 0   6
1 0 0   4
1 0 1   5

72
0 0 0   0
1 1 0   6
1 0 0   4
1 1 0   6

73
0 0 0   0
1 1 0   6
1 0 0   4
1 1 1   7

74
0 0 0   0
1 1 0   6
1 1 0   6
0 0 0   0

75
0 0 0   0
1 1 0   6
1 1 0   6
1 0 0   4

76
0 0 0   0
1 1 0   6
1 1 0   6
1 1 0   6

77
0 0 0   0
1 1 0   6
1 1 0   6
1 1 1   7

78
0 0 0   0
1 1 0   6
1 1 1   7
1 1 1   7

79
0 0 0   0
1 1 1   7
1 1 1   7
1 1 1   7

80
0 0 1   1
0 1 0   2
0 0 0   0
0 1 0   2

81
0 0 1   1
0 1 0   2
0 0 0   0
0 1 1   3

82
0 0 1   1
0 1 0   2
0 0 0   0
1 0 1   5

83
0 0 1   1
0 1 0   2
0 0 0   0
1 1 0   6

84
0 0 1   1
0 1 0   2
0 0 0   0
1 1 1   7

85
0 0 1   1
0 1 0   2
0 1 0   2
0 0 0   0

86
0 0 1   1
0 1 1   3
0 0 0   0
0 1 0   2

87
0 0 1   1
0 1 1   3
0 0 0   0
0 1 1   3

88
0 0 1   1
0 1 1   3
0 0 0   0
1 0 1   5

89
0 0 1   1
0 1 1   3
0 0 0   0
1 1 0   6

90
0 0 1   1
0 1 1   3
0 0 0   0
1 1 1   7

91
0 0 1   1
0 1 1   3
0 0 1   1
0 1 1   3

92
0 0 1   1
0 1 1   3
0 0 1   1
1 0 0   4

93
0 0 1   1
0 1 1   3
0 0 1   1
1 0 1   5

94
0 0 1   1
0 1 1   3
0 0 1   1
1 1 1   7

95
0 0 1   1
0 1 1   3
0 1 0   2
0 0 0   0

96
0 0 1   1
0 1 1   3
0 1 1   3
0 0 0   0

97
0 0 1   1
0 1 1   3
0 1 1   3
0 0 1   1

98
0 0 1   1
0 1 1   3
0 1 1   3
0 1 1   3

99
0 0 1   1
0 1 1   3
0 1 1   3
1 1 1   7

100
0 0 1   1
0 1 1   3
1 1 1   7
1 1 1   7

101
0 0 1   1
1 0 0   4
0 0 1   1
0 1 1   3

102
0 0 1   1
1 0 0   4
0 0 1   1
1 0 0   4

103
0 0 1   1
1 0 0   4
0 0 1   1
1 0 1   5

104
0 0 1   1
1 0 0   4
0 0 1   1
1 1 1   7

105
0 0 1   1
1 0 0   4
0 1 0   2
0 0 0   0

106
0 0 1   1
1 0 0   4
1 0 1   5
0 0 0   0

107
0 0 1   1
1 0 0   4
1 0 1   5
0 0 1   1

108
0 0 1   1
1 0 0   4
1 0 1   5
1 0 0   4

109
0 0 1   1
1 0 0   4
1 0 1   5
1 0 1   5

110
0 0 1   1
1 0 0   4
1 0 1   5
1 1 1   7

111
0 0 1   1
1 0 0   4
1 1 0   6
0 0 0   0

112
0 0 1   1
1 0 0   4
1 1 0   6
1 0 0   4

113
0 0 1   1
1 0 0   4
1 1 0   6
1 1 0   6

114
0 0 1   1
1 0 0   4
1 1 0   6
1 1 1   7

115
0 0 1   1
1 0 0   4
1 1 1   7
1 1 1   7

116
0 0 1   1
1 0 1   5
0 0 0   0
0 1 0   2

117
0 0 1   1
1 0 1   5
0 0 0   0
0 1 1   3

118
0 0 1   1
1 0 1   5
0 0 0   0
1 0 1   5

119
0 0 1   1
1 0 1   5
0 0 0   0
1 1 0   6

120
0 0 1   1
1 0 1   5
0 0 0   0
1 1 1   7

121
0 0 1   1
1 0 1   5
0 0 1   1
0 1 1   3

122
0 0 1   1
1 0 1   5
0 0 1   1
1 0 0   4

123
0 0 1   1
1 0 1   5
0 0 1   1
1 0 1   5

124
0 0 1   1
1 0 1   5
0 0 1   1
1 1 1   7

125
0 0 1   1
1 0 1   5
1 0 0   4
0 0 1   1

126
0 0 1   1
1 0 1   5
1 0 0   4
1 0 1   5

127
0 0 1   1
1 0 1   5
1 0 0   4
1 1 0   6

128
0 0 1   1
1 0 1   5
1 0 0   4
1 1 1   7

129
0 0 1   1
1 0 1   5
1 0 1   5
0 0 0   0

130
0 0 1   1
1 0 1   5
1 0 1   5
0 0 1   1

131
0 0 1   1
1 0 1   5
1 0 1   5
1 0 0   4

132
0 0 1   1
1 0 1   5
1 0 1   5
1 0 1   5

133
0 0 1   1
1 0 1   5
1 0 1   5
1 1 1   7

134
0 0 1   1
1 0 1   5
1 1 1   7
1 1 1   7

135
0 0 1   1
1 1 1   7
1 1 1   7
1 1 1   7

136
0 1 0   2
0 0 0   0
0 1 0   2
0 0 0   0

137
0 1 0   2
0 0 0   0
0 1 0   2
0 0 1   1

138
0 1 0   2
0 0 0   0
0 1 0   2
0 1 0   2

139
0 1 0   2
0 0 0   0
0 1 0   2
0 1 1   3

140
0 1 0   2
0 0 0   0
0 1 0   2
1 0 0   4

141
0 1 0   2
0 0 0   0
0 1 0   2
1 1 0   6

142
0 1 0   2
0 0 0   0
0 1 0   2
1 1 1   7

143
0 1 0   2
0 0 0   0
0 1 1   3
0 0 0   0

144
0 1 0   2
0 0 0   0
0 1 1   3
0 0 1   1

145
0 1 0   2
0 0 0   0
0 1 1   3
0 1 1   3

146
0 1 0   2
0 0 0   0
0 1 1   3
1 1 1   7

147
0 1 0   2
0 0 0   0
1 0 1   5
0 0 0   0

148
0 1 0   2
0 0 0   0
1 0 1   5
0 0 1   1

149
0 1 0   2
0 0 0   0
1 0 1   5
1 0 0   4

150
0 1 0   2
0 0 0   0
1 0 1   5
1 0 1   5

151
0 1 0   2
0 0 0   0
1 0 1   5
1 1 1   7

152
0 1 0   2
0 0 0   0
1 1 0   6
0 0 0   0

153
0 1 0   2
0 0 0   0
1 1 0   6
1 0 0   4

154
0 1 0   2
0 0 0   0
1 1 0   6
1 1 0   6

155
0 1 0   2
0 0 0   0
1 1 0   6
1 1 1   7

156
0 1 0   2
0 0 0   0
1 1 1   7
1 1 1   7

157
0 1 0   2
0 1 0   2
0 0 0   0
0 1 0   2

158
0 1 0   2
0 1 0   2
0 0 0   0
0 1 1   3

159
0 1 0   2
0 1 0   2
0 0 0   0
1 0 1   5

160
0 1 0   2
0 1 0   2
0 0 0   0
1 1 0   6

161
0 1 0   2
0 1 0   2
0 0 0   0
1 1 1   7

162
0 1 0   2
0 1 0   2
0 1 0   2
0 0 0   0

163
0 1 1   3
0 0 0   0
0 1 0   2
0 0 0   0

164
0 1 1   3
0 0 0   0
0 1 0   2
0 0 1   1

165
0 1 1   3
0 0 0   0
0 1 0   2
0 1 0   2

166
0 1 1   3
0 0 0   0
0 1 0   2
0 1 1   3

167
0 1 1   3
0 0 0   0
0 1 0   2
1 0 0   4

168
0 1 1   3
0 0 0   0
0 1 0   2
1 1 0   6

169
0 1 1   3
0 0 0   0
0 1 0   2
1 1 1   7

170
0 1 1   3
0 0 0   0
0 1 1   3
0 0 0   0

171
0 1 1   3
0 0 0   0
0 1 1   3
0 0 1   1

172
0 1 1   3
0 0 0   0
0 1 1   3
0 1 1   3

173
0 1 1   3
0 0 0   0
0 1 1   3
1 1 1   7

174
0 1 1   3
0 0 0   0
1 0 1   5
0 0 0   0

175
0 1 1   3
0 0 0   0
1 0 1   5
0 0 1   1

176
0 1 1   3
0 0 0   0
1 0 1   5
1 0 0   4

177
0 1 1   3
0 0 0   0
1 0 1   5
1 0 1   5

178
0 1 1   3
0 0 0   0
1 0 1   5
1 1 1   7

179
0 1 1   3
0 0 0   0
1 1 0   6
0 0 0   0

180
0 1 1   3
0 0 0   0
1 1 0   6
1 0 0   4

181
0 1 1   3
0 0 0   0
1 1 0   6
1 1 0   6

182
0 1 1   3
0 0 0   0
1 1 0   6
1 1 1   7

183
0 1 1   3
0 0 0   0
1 1 1   7
1 1 1   7

184
0 1 1   3
0 0 1   1
0 1 0   2
0 0 0   0

185
0 1 1   3
0 0 1   1
0 1 1   3
0 0 0   0

186
0 1 1   3
0 0 1   1
0 1 1   3
0 0 1   1

187
0 1 1   3
0 0 1   1
0 1 1   3
0 1 1   3

188
0 1 1   3
0 0 1   1
0 1 1   3
1 1 1   7

189
0 1 1   3
0 0 1   1
1 0 0   4
0 0 1   1

190
0 1 1   3
0 0 1   1
1 0 0   4
1 0 1   5

191
0 1 1   3
0 0 1   1
1 0 0   4
1 1 0   6

192
0 1 1   3
0 0 1   1
1 0 0   4
1 1 1   7

193
0 1 1   3
0 0 1   1
1 0 1   5
0 0 0   0

194
0 1 1   3
0 0 1   1
1 0 1   5
0 0 1   1

195
0 1 1   3
0 0 1   1
1 0 1   5
1 0 0   4

196
0 1 1   3
0 0 1   1
1 0 1   5
1 0 1   5

197
0 1 1   3
0 0 1   1
1 0 1   5
1 1 1   7

198
0 1 1   3
0 0 1   1
1 1 1   7
1 1 1   7

199
0 1 1   3
0 1 0   2
0 0 0   0
0 1 0   2

200
0 1 1   3
0 1 0   2
0 0 0   0
0 1 1   3

201
0 1 1   3
0 1 0   2
0 0 0   0
1 0 1   5

202
0 1 1   3
0 1 0   2
0 0 0   0
1 1 0   6

203
0 1 1   3
0 1 0   2
0 0 0   0
1 1 1   7

204
0 1 1   3
0 1 0   2
0 1 0   2
0 0 0   0

205
0 1 1   3
0 1 1   3
0 0 0   0
0 1 0   2

206
0 1 1   3
0 1 1   3
0 0 0   0
0 1 1   3

207
0 1 1   3
0 1 1   3
0 0 0   0
1 0 1   5

208
0 1 1   3
0 1 1   3
0 0 0   0
1 1 0   6

209
0 1 1   3
0 1 1   3
0 0 0   0
1 1 1   7

210
0 1 1   3
0 1 1   3
0 0 1   1
0 1 1   3

211
0 1 1   3
0 1 1   3
0 0 1   1
1 0 0   4

212
0 1 1   3
0 1 1   3
0 0 1   1
1 0 1   5

213
0 1 1   3
0 1 1   3
0 0 1   1
1 1 1   7

214
0 1 1   3
0 1 1   3
0 1 0   2
0 0 0   0

215
0 1 1   3
0 1 1   3
0 1 1   3
0 0 0   0

216
0 1 1   3
0 1 1   3
0 1 1   3
0 0 1   1

217
0 1 1   3
0 1 1   3
0 1 1   3
0 1 1   3

218
0 1 1   3
0 1 1   3
0 1 1   3
1 1 1   7

219
0 1 1   3
0 1 1   3
1 1 1   7
1 1 1   7

220
0 1 1   3
1 1 1   7
1 1 1   7
1 1 1   7

221
1 0 0   4
0 0 1   1
0 1 0   2
0 0 0   0

222
1 0 0   4
0 0 1   1
0 1 1   3
0 0 0   0

223
1 0 0   4
0 0 1   1
0 1 1   3
0 0 1   1

224
1 0 0   4
0 0 1   1
0 1 1   3
0 1 1   3

225
1 0 0   4
0 0 1   1
0 1 1   3
1 1 1   7

226
1 0 0   4
0 0 1   1
1 0 0   4
0 0 1   1

227
1 0 0   4
0 0 1   1
1 0 0   4
1 0 1   5

228
1 0 0   4
0 0 1   1
1 0 0   4
1 1 0   6

229
1 0 0   4
0 0 1   1
1 0 0   4
1 1 1   7

230
1 0 0   4
0 0 1   1
1 0 1   5
0 0 0   0

231
1 0 0   4
0 0 1   1
1 0 1   5
0 0 1   1

232
1 0 0   4
0 0 1   1
1 0 1   5
1 0 0   4

233
1 0 0   4
0 0 1   1
1 0 1   5
1 0 1   5

234
1 0 0   4
0 0 1   1
1 0 1   5
1 1 1   7

235
1 0 0   4
0 0 1   1
1 1 1   7
1 1 1   7

236
1 0 0   4
0 1 0   2
0 0 0   0
0 1 0   2

237
1 0 0   4
0 1 0   2
0 0 0   0
0 1 1   3

238
1 0 0   4
0 1 0   2
0 0 0   0
1 0 1   5

239
1 0 0   4
0 1 0   2
0 0 0   0
1 1 0   6

240
1 0 0   4
0 1 0   2
0 0 0   0
1 1 1   7

241
1 0 0   4
0 1 0   2
0 1 0   2
0 0 0   0

242
1 0 0   4
1 0 1   5
0 0 0   0
0 1 0   2

243
1 0 0   4
1 0 1   5
0 0 0   0
0 1 1   3

244
1 0 0   4
1 0 1   5
0 0 0   0
1 0 1   5

245
1 0 0   4
1 0 1   5
0 0 0   0
1 1 0   6

246
1 0 0   4
1 0 1   5
0 0 0   0
1 1 1   7

247
1 0 0   4
1 0 1   5
0 0 1   1
0 1 1   3

248
1 0 0   4
1 0 1   5
0 0 1   1
1 0 0   4

249
1 0 0   4
1 0 1   5
0 0 1   1
1 0 1   5

250
1 0 0   4
1 0 1   5
0 0 1   1
1 1 1   7

251
1 0 0   4
1 0 1   5
1 0 0   4
0 0 1   1

252
1 0 0   4
1 0 1   5
1 0 0   4
1 0 1   5

253
1 0 0   4
1 0 1   5
1 0 0   4
1 1 0   6

254
1 0 0   4
1 0 1   5
1 0 0   4
1 1 1   7

255
1 0 0   4
1 0 1   5
1 0 1   5
0 0 0   0

256
1 0 0   4
1 0 1   5
1 0 1   5
0 0 1   1

257
1 0 0   4
1 0 1   5
1 0 1   5
1 0 0   4

258
1 0 0   4
1 0 1   5
1 0 1   5
1 0 1   5

259
1 0 0   4
1 0 1   5
1 0 1   5
1 1 1   7

260
1 0 0   4
1 0 1   5
1 1 1   7
1 1 1   7

261
1 0 0   4
1 1 0   6
0 0 0   0
0 1 0   2

262
1 0 0   4
1 1 0   6
0 0 0   0
0 1 1   3

263
1 0 0   4
1 1 0   6
0 0 0   0
1 0 1   5

264
1 0 0   4
1 1 0   6
0 0 0   0
1 1 0   6

265
1 0 0   4
1 1 0   6
0 0 0   0
1 1 1   7

266
1 0 0   4
1 1 0   6
0 1 0   2
0 0 0   0

267
1 0 0   4
1 1 0   6
1 0 0   4
0 0 1   1

268
1 0 0   4
1 1 0   6
1 0 0   4
1 0 1   5

269
1 0 0   4
1 1 0   6
1 0 0   4
1 1 0   6

270
1 0 0   4
1 1 0   6
1 0 0   4
1 1 1   7

271
1 0 0   4
1 1 0   6
1 1 0   6
0 0 0   0

272
1 0 0   4
1 1 0   6
1 1 0   6
1 0 0   4

273
1 0 0   4
1 1 0   6
1 1 0   6
1 1 0   6

274
1 0 0   4
1 1 0   6
1 1 0   6
1 1 1   7

275
1 0 0   4
1 1 0   6
1 1 1   7
1 1 1   7

276
1 0 0   4
1 1 1   7
1 1 1   7
1 1 1   7

277
1 0 1   5
0 0 0   0
0 1 0   2
0 0 0   0

278
1 0 1   5
0 0 0   0
0 1 0   2
0 0 1   1

279
1 0 1   5
0 0 0   0
0 1 0   2
0 1 0   2

280
1 0 1   5
0 0 0   0
0 1 0   2
0 1 1   3

281
1 0 1   5
0 0 0   0
0 1 0   2
1 0 0   4

282
1 0 1   5
0 0 0   0
0 1 0   2
1 1 0   6

283
1 0 1   5
0 0 0   0
0 1 0   2
1 1 1   7

284
1 0 1   5
0 0 0   0
0 1 1   3
0 0 0   0

285
1 0 1   5
0 0 0   0
0 1 1   3
0 0 1   1

286
1 0 1   5
0 0 0   0
0 1 1   3
0 1 1   3

287
1 0 1   5
0 0 0   0
0 1 1   3
1 1 1   7

288
1 0 1   5
0 0 0   0
1 0 1   5
0 0 0   0

289
1 0 1   5
0 0 0   0
1 0 1   5
0 0 1   1

290
1 0 1   5
0 0 0   0
1 0 1   5
1 0 0   4

291
1 0 1   5
0 0 0   0
1 0 1   5
1 0 1   5

292
1 0 1   5
0 0 0   0
1 0 1   5
1 1 1   7

293
1 0 1   5
0 0 0   0
1 1 0   6
0 0 0   0

294
1 0 1   5
0 0 0   0
1 1 0   6
1 0 0   4

295
1 0 1   5
0 0 0   0
1 1 0   6
1 1 0   6

296
1 0 1   5
0 0 0   0
1 1 0   6
1 1 1   7

297
1 0 1   5
0 0 0   0
1 1 1   7
1 1 1   7

298
1 0 1   5
0 0 1   1
0 1 0   2
0 0 0   0

299
1 0 1   5
0 0 1   1
0 1 1   3
0 0 0   0

300
1 0 1   5
0 0 1   1
0 1 1   3
0 0 1   1

301
1 0 1   5
0 0 1   1
0 1 1   3
0 1 1   3

302
1 0 1   5
0 0 1   1
0 1 1   3
1 1 1   7

303
1 0 1   5
0 0 1   1
1 0 0   4
0 0 1   1

304
1 0 1   5
0 0 1   1
1 0 0   4
1 0 1   5

305
1 0 1   5
0 0 1   1
1 0 0   4
1 1 0   6

306
1 0 1   5
0 0 1   1
1 0 0   4
1 1 1   7

307
1 0 1   5
0 0 1   1
1 0 1   5
0 0 0   0

308
1 0 1   5
0 0 1   1
1 0 1   5
0 0 1   1

309
1 0 1   5
0 0 1   1
1 0 1   5
1 0 0   4

310
1 0 1   5
0 0 1   1
1 0 1   5
1 0 1   5

311
1 0 1   5
0 0 1   1
1 0 1   5
1 1 1   7

312
1 0 1   5
0 0 1   1
1 1 1   7
1 1 1   7

313
1 0 1   5
1 0 0   4
0 0 1   1
0 1 1   3

314
1 0 1   5
1 0 0   4
0 0 1   1
1 0 0   4

315
1 0 1   5
1 0 0   4
0 0 1   1
1 0 1   5

316
1 0 1   5
1 0 0   4
0 0 1   1
1 1 1   7

317
1 0 1   5
1 0 0   4
0 1 0   2
0 0 0   0

318
1 0 1   5
1 0 0   4
1 0 1   5
0 0 0   0

319
1 0 1   5
1 0 0   4
1 0 1   5
0 0 1   1

320
1 0 1   5
1 0 0   4
1 0 1   5
1 0 0   4

321
1 0 1   5
1 0 0   4
1 0 1   5
1 0 1   5

322
1 0 1   5
1 0 0   4
1 0 1   5
1 1 1   7

323
1 0 1   5
1 0 0   4
1 1 0   6
0 0 0   0

324
1 0 1   5
1 0 0   4
1 1 0   6
1 0 0   4

325
1 0 1   5
1 0 0   4
1 1 0   6
1 1 0   6

326
1 0 1   5
1 0 0   4
1 1 0   6
1 1 1   7

327
1 0 1   5
1 0 0   4
1 1 1   7
1 1 1   7

328
1 0 1   5
1 0 1   5
0 0 0   0
0 1 0   2

329
1 0 1   5
1 0 1   5
0 0 0   0
0 1 1   3

330
1 0 1   5
1 0 1   5
0 0 0   0
1 0 1   5

331
1 0 1   5
1 0 1   5
0 0 0   0
1 1 0   6

332
1 0 1   5
1 0 1   5
0 0 0   0
1 1 1   7

333
1 0 1   5
1 0 1   5
0 0 1   1
0 1 1   3

334
1 0 1   5
1 0 1   5
0 0 1   1
1 0 0   4

335
1 0 1   5
1 0 1   5
0 0 1   1
1 0 1   5

336
1 0 1   5
1 0 1   5
0 0 1   1
1 1 1   7

337
1 0 1   5
1 0 1   5
1 0 0   4
0 0 1   1

338
1 0 1   5
1 0 1   5
1 0 0   4
1 0 1   5

339
1 0 1   5
1 0 1   5
1 0 0   4
1 1 0   6

340
1 0 1   5
1 0 1   5
1 0 0   4
1 1 1   7

341
1 0 1   5
1 0 1   5
1 0 1   5
0 0 0   0

342
1 0 1   5
1 0 1   5
1 0 1   5
0 0 1   1

343
1 0 1   5
1 0 1   5
1 0 1   5
1 0 0   4

344
1 0 1   5
1 0 1   5
1 0 1   5
1 0 1   5

345
1 0 1   5
1 0 1   5
1 0 1   5
1 1 1   7

346
1 0 1   5
1 0 1   5
1 1 1   7
1 1 1   7

347
1 0 1   5
1 1 1   7
1 1 1   7
1 1 1   7

348
1 1 0   6
0 0 0   0
0 1 0   2
0 0 0   0

349
1 1 0   6
0 0 0   0
0 1 0   2
0 0 1   1

350
1 1 0   6
0 0 0   0
0 1 0   2
0 1 0   2

351
1 1 0   6
0 0 0   0
0 1 0   2
0 1 1   3

352
1 1 0   6
0 0 0   0
0 1 0   2
1 0 0   4

353
1 1 0   6
0 0 0   0
0 1 0   2
1 1 0   6

354
1 1 0   6
0 0 0   0
0 1 0   2
1 1 1   7

355
1 1 0   6
0 0 0   0
0 1 1   3
0 0 0   0

356
1 1 0   6
0 0 0   0
0 1 1   3
0 0 1   1

357
1 1 0   6
0 0 0   0
0 1 1   3
0 1 1   3

358
1 1 0   6
0 0 0   0
0 1 1   3
1 1 1   7

359
1 1 0   6
0 0 0   0
1 0 1   5
0 0 0   0

360
1 1 0   6
0 0 0   0
1 0 1   5
0 0 1   1

361
1 1 0   6
0 0 0   0
1 0 1   5
1 0 0   4

362
1 1 0   6
0 0 0   0
1 0 1   5
1 0 1   5

363
1 1 0   6
0 0 0   0
1 0 1   5
1 1 1   7

364
1 1 0   6
0 0 0   0
1 1 0   6
0 0 0   0

365
1 1 0   6
0 0 0   0
1 1 0   6
1 0 0   4

366
1 1 0   6
0 0 0   0
1 1 0   6
1 1 0   6

367
1 1 0   6
0 0 0   0
1 1 0   6
1 1 1   7

368
1 1 0   6
0 0 0   0
1 1 1   7
1 1 1   7

369
1 1 0   6
0 1 0   2
0 0 0   0
0 1 0   2

370
1 1 0   6
0 1 0   2
0 0 0   0
0 1 1   3

371
1 1 0   6
0 1 0   2
0 0 0   0
1 0 1   5

372
1 1 0   6
0 1 0   2
0 0 0   0
1 1 0   6

373
1 1 0   6
0 1 0   2
0 0 0   0
1 1 1   7

374
1 1 0   6
0 1 0   2
0 1 0   2
0 0 0   0

375
1 1 0   6
1 0 0   4
0 0 1   1
0 1 1   3

376
1 1 0   6
1 0 0   4
0 0 1   1
1 0 0   4

377
1 1 0   6
1 0 0   4
0 0 1   1
1 0 1   5

378
1 1 0   6
1 0 0   4
0 0 1   1
1 1 1   7

379
1 1 0   6
1 0 0   4
0 1 0   2
0 0 0   0

380
1 1 0   6
1 0 0   4
1 0 1   5
0 0 0   0

381
1 1 0   6
1 0 0   4
1 0 1   5
0 0 1   1

382
1 1 0   6
1 0 0   4
1 0 1   5
1 0 0   4

383
1 1 0   6
1 0 0   4
1 0 1   5
1 0 1   5

384
1 1 0   6
1 0 0   4
1 0 1   5
1 1 1   7

385
1 1 0   6
1 0 0   4
1 1 0   6
0 0 0   0

386
1 1 0   6
1 0 0   4
1 1 0   6
1 0 0   4

387
1 1 0   6
1 0 0   4
1 1 0   6
1 1 0   6

388
1 1 0   6
1 0 0   4
1 1 0   6
1 1 1   7

389
1 1 0   6
1 0 0   4
1 1 1   7
1 1 1   7

390
1 1 0   6
1 1 0   6
0 0 0   0
0 1 0   2

391
1 1 0   6
1 1 0   6
0 0 0   0
0 1 1   3

392
1 1 0   6
1 1 0   6
0 0 0   0
1 0 1   5

393
1 1 0   6
1 1 0   6
0 0 0   0
1 1 0   6

394
1 1 0   6
1 1 0   6
0 0 0   0
1 1 1   7

395
1 1 0   6
1 1 0   6
0 1 0   2
0 0 0   0

396
1 1 0   6
1 1 0   6
1 0 0   4
0 0 1   1

397
1 1 0   6
1 1 0   6
1 0 0   4
1 0 1   5

398
1 1 0   6
1 1 0   6
1 0 0   4
1 1 0   6

399
1 1 0   6
1 1 0   6
1 0 0   4
1 1 1   7

400
1 1 0   6
1 1 0   6
1 1 0   6
0 0 0   0

401
1 1 0   6
1 1 0   6
1 1 0   6
1 0 0   4

402
1 1 0   6
1 1 0   6
1 1 0   6
1 1 0   6

403
1 1 0   6
1 1 0   6
1 1 0   6
1 1 1   7

404
1 1 0   6
1 1 0   6
1 1 1   7
1 1 1   7

405
1 1 0   6
1 1 1   7
1 1 1   7
1 1 1   7

406
1 1 1   7
0 0 0   0
0 1 0   2
0 0 0   0

407
1 1 1   7
0 0 0   0
0 1 0   2
0 0 1   1

408
1 1 1   7
0 0 0   0
0 1 0   2
0 1 0   2

409
1 1 1   7
0 0 0   0
0 1 0   2
0 1 1   3

410
1 1 1   7
0 0 0   0
0 1 0   2
1 0 0   4

411
1 1 1   7
0 0 0   0
0 1 0   2
1 1 0   6

412
1 1 1   7
0 0 0   0
0 1 0   2
1 1 1   7

413
1 1 1   7
0 0 0   0
0 1 1   3
0 0 0   0

414
1 1 1   7
0 0 0   0
0 1 1   3
0 0 1   1

415
1 1 1   7
0 0 0   0
0 1 1   3
0 1 1   3

416
1 1 1   7
0 0 0   0
0 1 1   3
1 1 1   7

417
1 1 1   7
0 0 0   0
1 0 1   5
0 0 0   0

418
1 1 1   7
0 0 0   0
1 0 1   5
0 0 1   1

419
1 1 1   7
0 0 0   0
1 0 1   5
1 0 0   4

420
1 1 1   7
0 0 0   0
1 0 1   5
1 0 1   5

421
1 1 1   7
0 0 0   0
1 0 1   5
1 1 1   7

422
1 1 1   7
0 0 0   0
1 1 0   6
0 0 0   0

423
1 1 1   7
0 0 0   0
1 1 0   6
1 0 0   4

424
1 1 1   7
0 0 0   0
1 1 0   6
1 1 0   6

425
1 1 1   7
0 0 0   0
1 1 0   6
1 1 1   7

426
1 1 1   7
0 0 0   0
1 1 1   7
1 1 1   7

427
1 1 1   7
0 0 1   1
0 1 0   2
0 0 0   0

428
1 1 1   7
0 0 1   1
0 1 1   3
0 0 0   0

429
1 1 1   7
0 0 1   1
0 1 1   3
0 0 1   1

430
1 1 1   7
0 0 1   1
0 1 1   3
0 1 1   3

431
1 1 1   7
0 0 1   1
0 1 1   3
1 1 1   7

432
1 1 1   7
0 0 1   1
1 0 0   4
0 0 1   1

433
1 1 1   7
0 0 1   1
1 0 0   4
1 0 1   5

434
1 1 1   7
0 0 1   1
1 0 0   4
1 1 0   6

435
1 1 1   7
0 0 1   1
1 0 0   4
1 1 1   7

436
1 1 1   7
0 0 1   1
1 0 1   5
0 0 0   0

437
1 1 1   7
0 0 1   1
1 0 1   5
0 0 1   1

438
1 1 1   7
0 0 1   1
1 0 1   5
1 0 0   4

439
1 1 1   7
0 0 1   1
1 0 1   5
1 0 1   5

440
1 1 1   7
0 0 1   1
1 0 1   5
1 1 1   7

441
1 1 1   7
0 0 1   1
1 1 1   7
1 1 1   7

442
1 1 1   7
0 1 0   2
0 0 0   0
0 1 0   2

443
1 1 1   7
0 1 0   2
0 0 0   0
0 1 1   3

444
1 1 1   7
0 1 0   2
0 0 0   0
1 0 1   5

445
1 1 1   7
0 1 0   2
0 0 0   0
1 1 0   6

446
1 1 1   7
0 1 0   2
0 0 0   0
1 1 1   7

447
1 1 1   7
0 1 0   2
0 1 0   2
0 0 0   0

448
1 1 1   7
0 1 1   3
0 0 0   0
0 1 0   2

449
1 1 1   7
0 1 1   3
0 0 0   0
0 1 1   3

450
1 1 1   7
0 1 1   3
0 0 0   0
1 0 1   5

451
1 1 1   7
0 1 1   3
0 0 0   0
1 1 0   6

452
1 1 1   7
0 1 1   3
0 0 0   0
1 1 1   7

453
1 1 1   7
0 1 1   3
0 0 1   1
0 1 1   3

454
1 1 1   7
0 1 1   3
0 0 1   1
1 0 0   4

455
1 1 1   7
0 1 1   3
0 0 1   1
1 0 1   5

456
1 1 1   7
0 1 1   3
0 0 1   1
1 1 1   7

457
1 1 1   7
0 1 1   3
0 1 0   2
0 0 0   0

458
1 1 1   7
0 1 1   3
0 1 1   3
0 0 0   0

459
1 1 1   7
0 1 1   3
0 1 1   3
0 0 1   1

460
1 1 1   7
0 1 1   3
0 1 1   3
0 1 1   3

461
1 1 1   7
0 1 1   3
0 1 1   3
1 1 1   7

462
1 1 1   7
0 1 1   3
1 1 1   7
1 1 1   7

463
1 1 1   7
1 0 0   4
0 0 1   1
0 1 1   3

464
1 1 1   7
1 0 0   4
0 0 1   1
1 0 0   4

465
1 1 1   7
1 0 0   4
0 0 1   1
1 0 1   5

466
1 1 1   7
1 0 0   4
0 0 1   1
1 1 1   7

467
1 1 1   7
1 0 0   4
0 1 0   2
0 0 0   0

468
1 1 1   7
1 0 0   4
1 0 1   5
0 0 0   0

469
1 1 1   7
1 0 0   4
1 0 1   5
0 0 1   1

470
1 1 1   7
1 0 0   4
1 0 1   5
1 0 0   4

471
1 1 1   7
1 0 0   4
1 0 1   5
1 0 1   5

472
1 1 1   7
1 0 0   4
1 0 1   5
1 1 1   7

473
1 1 1   7
1 0 0   4
1 1 0   6
0 0 0   0

474
1 1 1   7
1 0 0   4
1 1 0   6
1 0 0   4

475
1 1 1   7
1 0 0   4
1 1 0   6
1 1 0   6

476
1 1 1   7
1 0 0   4
1 1 0   6
1 1 1   7

477
1 1 1   7
1 0 0   4
1 1 1   7
1 1 1   7

478
1 1 1   7
1 0 1   5
0 0 0   0
0 1 0   2

479
1 1 1   7
1 0 1   5
0 0 0   0
0 1 1   3

480
1 1 1   7
1 0 1   5
0 0 0   0
1 0 1   5

481
1 1 1   7
1 0 1   5
0 0 0   0
1 1 0   6

482
1 1 1   7
1 0 1   5
0 0 0   0
1 1 1   7

483
1 1 1   7
1 0 1   5
0 0 1   1
0 1 1   3

484
1 1 1   7
1 0 1   5
0 0 1   1
1 0 0   4

485
1 1 1   7
1 0 1   5
0 0 1   1
1 0 1   5

486
1 1 1   7
1 0 1   5
0 0 1   1
1 1 1   7

487
1 1 1   7
1 0 1   5
1 0 0   4
0 0 1   1

488
1 1 1   7
1 0 1   5
1 0 0   4
1 0 1   5

489
1 1 1   7
1 0 1   5
1 0 0   4
1 1 0   6

490
1 1 1   7
1 0 1   5
1 0 0   4
1 1 1   7

491
1 1 1   7
1 0 1   5
1 0 1   5
0 0 0   0

492
1 1 1   7
1 0 1   5
1 0 1   5
0 0 1   1

493
1 1 1   7
1 0 1   5
1 0 1   5
1 0 0   4

494
1 1 1   7
1 0 1   5
1 0 1   5
1 0 1   5

495
1 1 1   7
1 0 1   5
1 0 1   5
1 1 1   7

496
1 1 1   7
1 0 1   5
1 1 1   7
1 1 1   7

497
1 1 1   7
1 1 0   6
0 0 0   0
0 1 0   2

498
1 1 1   7
1 1 0   6
0 0 0   0
0 1 1   3

499
1 1 1   7
1 1 0   6
0 0 0   0
1 0 1   5

500
1 1 1   7
1 1 0   6
0 0 0   0
1 1 0   6

501
1 1 1   7
1 1 0   6
0 0 0   0
1 1 1   7

502
1 1 1   7
1 1 0   6
0 1 0   2
0 0 0   0

503
1 1 1   7
1 1 0   6
1 0 0   4
0 0 1   1

504
1 1 1   7
1 1 0   6
1 0 0   4
1 0 1   5

505
1 1 1   7
1 1 0   6
1 0 0   4
1 1 0   6

506
1 1 1   7
1 1 0   6
1 0 0   4
1 1 1   7

507
1 1 1   7
1 1 0   6
1 1 0   6
0 0 0   0

508
1 1 1   7
1 1 0   6
1 1 0   6
1 0 0   4

509
1 1 1   7
1 1 0   6
1 1 0   6
1 1 0   6

510
1 1 1   7
1 1 0   6
1 1 0   6
1 1 1   7

511
1 1 1   7
1 1 0   6
1 1 1   7
1 1 1   7

512
1 1 1   7
1 1 1   7
0 0 0   0
0 1 0   2

513
1 1 1   7
1 1 1   7
0 0 0   0
0 1 1   3

514
1 1 1   7
1 1 1   7
0 0 0   0
1 0 1   5

515
1 1 1   7
1 1 1   7
0 0 0   0
1 1 0   6

516
1 1 1   7
1 1 1   7
0 0 0   0
1 1 1   7

517
1 1 1   7
1 1 1   7
0 0 1   1
0 1 1   3

518
1 1 1   7
1 1 1   7
0 0 1   1
1 0 0   4

519
1 1 1   7
1 1 1   7
0 0 1   1
1 0 1   5

520
1 1 1   7
1 1 1   7
0 0 1   1
1 1 1   7

521
1 1 1   7
1 1 1   7
0 1 0   2
0 0 0   0

522
1 1 1   7
1 1 1   7
0 1 1   3
0 0 0   0

523
1 1 1   7
1 1 1   7
0 1 1   3
0 0 1   1

524
1 1 1   7
1 1 1   7
0 1 1   3
0 1 1   3

525
1 1 1   7
1 1 1   7
0 1 1   3
1 1 1   7

526
1 1 1   7
1 1 1   7
1 0 0   4
0 0 1   1

527
1 1 1   7
1 1 1   7
1 0 0   4
1 0 1   5

528
1 1 1   7
1 1 1   7
1 0 0   4
1 1 0   6

529
1 1 1   7
1 1 1   7
1 0 0   4
1 1 1   7

530
1 1 1   7
1 1 1   7
1 0 1   5
0 0 0   0

531
1 1 1   7
1 1 1   7
1 0 1   5
0 0 1   1

532
1 1 1   7
1 1 1   7
1 0 1   5
1 0 0   4

533
1 1 1   7
1 1 1   7
1 0 1   5
1 0 1   5

534
1 1 1   7
1 1 1   7
1 0 1   5
1 1 1   7

535
1 1 1   7
1 1 1   7
1 1 0   6
0 0 0   0

536
1 1 1   7
1 1 1   7
1 1 0   6
1 0 0   4

537
1 1 1   7
1 1 1   7
1 1 0   6
1 1 0   6

538
1 1 1   7
1 1 1   7
1 1 0   6
1 1 1   7

539
1 1 1   7
1 1 1   7
1 1 1   7
0 0 0   0

540
1 1 1   7
1 1 1   7
1 1 1   7
0 0 1   1

541
1 1 1   7
1 1 1   7
1 1 1   7
0 1 1   3

542
1 1 1   7
1 1 1   7
1 1 1   7
1 0 0   4

543
1 1 1   7
1 1 1   7
1 1 1   7
1 0 1   5

544
1 1 1   7
1 1 1   7
1 1 1   7
1 1 0   6

545
1 1 1   7
1 1 1   7
1 1 1   7
1 1 1   7

