Puzzle Debug: Size: [2 x 5]
Total Possible Pattern Count: 1024
Total Legal Patterns: 172

1
0 0 0 0 0   0
0 1 0 1 0   10

2
0 0 0 0 0   0
0 1 0 1 1   11

3
0 0 0 0 0   0
0 1 1 0 1   13

4
0 0 0 0 0   0
0 1 1 1 0   14

5
0 0 0 0 0   0
0 1 1 1 1   15

6
0 0 0 0 0   0
1 0 1 0 1   21

7
0 0 0 0 0   0
1 0 1 1 0   22

8
0 0 0 0 0   0
1 0 1 1 1   23

9
0 0 0 0 0   0
1 1 0 1 0   26

10
0 0 0 0 0   0
1 1 0 1 1   27

11
0 0 0 0 0   0
1 1 1 0 1   29

12
0 0 0 0 0   0
1 1 1 1 0   30

13
0 0 0 0 0   0
1 1 1 1 1   31

14
0 0 0 0 1   1
0 1 0 1 1   11

15
0 0 0 0 1   1
0 1 1 0 0   12

16
0 0 0 0 1   1
0 1 1 0 1   13

17
0 0 0 0 1   1
0 1 1 1 1   15

18
0 0 0 0 1   1
1 0 1 0 0   20

19
0 0 0 0 1   1
1 0 1 0 1   21

20
0 0 0 0 1   1
1 0 1 1 1   23

21
0 0 0 0 1   1
1 1 0 1 1   27

22
0 0 0 0 1   1
1 1 1 0 0   28

23
0 0 0 0 1   1
1 1 1 0 1   29

24
0 0 0 0 1   1
1 1 1 1 1   31

25
0 0 0 1 0   2
0 1 0 0 0   8

26
0 0 0 1 0   2
1 1 0 0 0   24

27
0 0 0 1 1   3
0 1 0 0 0   8

28
0 0 0 1 1   3
0 1 0 0 1   9

29
0 0 0 1 1   3
0 1 0 1 1   11

30
0 0 0 1 1   3
0 1 1 1 1   15

31
0 0 0 1 1   3
1 0 1 1 1   23

32
0 0 0 1 1   3
1 1 0 0 0   24

33
0 0 0 1 1   3
1 1 0 0 1   25

34
0 0 0 1 1   3
1 1 0 1 1   27

35
0 0 0 1 1   3
1 1 1 1 1   31

36
0 0 1 0 0   4
1 0 0 0 1   17

37
0 0 1 0 1   5
1 0 0 0 0   16

38
0 0 1 0 1   5
1 0 0 0 1   17

39
0 0 1 1 0   6
1 0 0 0 0   16

40
0 0 1 1 1   7
0 1 1 1 1   15

41
0 0 1 1 1   7
1 0 0 0 0   16

42
0 0 1 1 1   7
1 0 0 0 1   17

43
0 0 1 1 1   7
1 0 0 1 1   19

44
0 0 1 1 1   7
1 0 1 1 1   23

45
0 0 1 1 1   7
1 1 1 1 1   31

46
0 1 0 0 0   8
0 0 0 1 0   2

47
0 1 0 0 0   8
0 0 0 1 1   3

48
0 1 0 0 1   9
0 0 0 1 1   3

49
0 1 0 1 0   10
0 0 0 0 0   0

50
0 1 0 1 1   11
0 0 0 0 0   0

51
0 1 0 1 1   11
0 0 0 0 1   1

52
0 1 0 1 1   11
0 0 0 1 1   3

53
0 1 1 0 0   12
0 0 0 0 1   1

54
0 1 1 0 1   13
0 0 0 0 0   0

55
0 1 1 0 1   13
0 0 0 0 1   1

56
0 1 1 1 0   14
0 0 0 0 0   0

57
0 1 1 1 1   15
0 0 0 0 0   0

58
0 1 1 1 1   15
0 0 0 0 1   1

59
0 1 1 1 1   15
0 0 0 1 1   3

60
0 1 1 1 1   15
0 0 1 1 1   7

61
0 1 1 1 1   15
0 1 1 1 1   15

62
0 1 1 1 1   15
1 1 1 1 1   31

63
1 0 0 0 0   16
0 0 1 0 1   5

64
1 0 0 0 0   16
0 0 1 1 0   6

65
1 0 0 0 0   16
0 0 1 1 1   7

66
1 0 0 0 0   16
1 0 1 0 1   21

67
1 0 0 0 0   16
1 0 1 1 0   22

68
1 0 0 0 0   16
1 0 1 1 1   23

69
1 0 0 0 0   16
1 1 0 1 0   26

70
1 0 0 0 0   16
1 1 0 1 1   27

71
1 0 0 0 0   16
1 1 1 0 1   29

72
1 0 0 0 0   16
1 1 1 1 0   30

73
1 0 0 0 0   16
1 1 1 1 1   31

74
1 0 0 0 1   17
0 0 1 0 0   4

75
1 0 0 0 1   17
0 0 1 0 1   5

76
1 0 0 0 1   17
0 0 1 1 1   7

77
1 0 0 0 1   17
1 0 1 0 0   20

78
1 0 0 0 1   17
1 0 1 0 1   21

79
1 0 0 0 1   17
1 0 1 1 1   23

80
1 0 0 0 1   17
1 1 0 1 1   27

81
1 0 0 0 1   17
1 1 1 0 0   28

82
1 0 0 0 1   17
1 1 1 0 1   29

83
1 0 0 0 1   17
1 1 1 1 1   31

84
1 0 0 1 0   18
1 1 0 0 0   24

85
1 0 0 1 1   19
0 0 1 1 1   7

86
1 0 0 1 1   19
1 0 1 1 1   23

87
1 0 0 1 1   19
1 1 0 0 0   24

88
1 0 0 1 1   19
1 1 0 0 1   25

89
1 0 0 1 1   19
1 1 0 1 1   27

90
1 0 0 1 1   19
1 1 1 1 1   31

91
1 0 1 0 0   20
0 0 0 0 1   1

92
1 0 1 0 0   20
1 0 0 0 1   17

93
1 0 1 0 1   21
0 0 0 0 0   0

94
1 0 1 0 1   21
0 0 0 0 1   1

95
1 0 1 0 1   21
1 0 0 0 0   16

96
1 0 1 0 1   21
1 0 0 0 1   17

97
1 0 1 1 0   22
0 0 0 0 0   0

98
1 0 1 1 0   22
1 0 0 0 0   16

99
1 0 1 1 1   23
0 0 0 0 0   0

100
1 0 1 1 1   23
0 0 0 0 1   1

101
1 0 1 1 1   23
0 0 0 1 1   3

102
1 0 1 1 1   23
0 0 1 1 1   7

103
1 0 1 1 1   23
1 0 0 0 0   16

104
1 0 1 1 1   23
1 0 0 0 1   17

105
1 0 1 1 1   23
1 0 0 1 1   19

106
1 0 1 1 1   23
1 0 1 1 1   23

107
1 0 1 1 1   23
1 1 1 1 1   31

108
1 1 0 0 0   24
0 0 0 1 0   2

109
1 1 0 0 0   24
0 0 0 1 1   3

110
1 1 0 0 0   24
1 0 0 1 0   18

111
1 1 0 0 0   24
1 0 0 1 1   19

112
1 1 0 0 0   24
1 1 0 1 0   26

113
1 1 0 0 0   24
1 1 0 1 1   27

114
1 1 0 0 0   24
1 1 1 0 1   29

115
1 1 0 0 0   24
1 1 1 1 0   30

116
1 1 0 0 0   24
1 1 1 1 1   31

117
1 1 0 0 1   25
0 0 0 1 1   3

118
1 1 0 0 1   25
1 0 0 1 1   19

119
1 1 0 0 1   25
1 1 0 1 1   27

120
1 1 0 0 1   25
1 1 1 0 0   28

121
1 1 0 0 1   25
1 1 1 0 1   29

122
1 1 0 0 1   25
1 1 1 1 1   31

123
1 1 0 1 0   26
0 0 0 0 0   0

124
1 1 0 1 0   26
1 0 0 0 0   16

125
1 1 0 1 0   26
1 1 0 0 0   24

126
1 1 0 1 1   27
0 0 0 0 0   0

127
1 1 0 1 1   27
0 0 0 0 1   1

128
1 1 0 1 1   27
0 0 0 1 1   3

129
1 1 0 1 1   27
1 0 0 0 0   16

130
1 1 0 1 1   27
1 0 0 0 1   17

131
1 1 0 1 1   27
1 0 0 1 1   19

132
1 1 0 1 1   27
1 1 0 0 0   24

133
1 1 0 1 1   27
1 1 0 0 1   25

134
1 1 0 1 1   27
1 1 0 1 1   27

135
1 1 0 1 1   27
1 1 1 1 1   31

136
1 1 1 0 0   28
0 0 0 0 1   1

137
1 1 1 0 0   28
1 0 0 0 1   17

138
1 1 1 0 0   28
1 1 0 0 1   25

139
1 1 1 0 0   28
1 1 1 0 1   29

140
1 1 1 0 0   28
1 1 1 1 0   30

141
1 1 1 0 0   28
1 1 1 1 1   31

142
1 1 1 0 1   29
0 0 0 0 0   0

143
1 1 1 0 1   29
0 0 0 0 1   1

144
1 1 1 0 1   29
1 0 0 0 0   16

145
1 1 1 0 1   29
1 0 0 0 1   17

146
1 1 1 0 1   29
1 1 0 0 0   24

147
1 1 1 0 1   29
1 1 0 0 1   25

148
1 1 1 0 1   29
1 1 1 0 0   28

149
1 1 1 0 1   29
1 1 1 0 1   29

150
1 1 1 0 1   29
1 1 1 1 1   31

151
1 1 1 1 0   30
0 0 0 0 0   0

152
1 1 1 1 0   30
1 0 0 0 0   16

153
1 1 1 1 0   30
1 1 0 0 0   24

154
1 1 1 1 0   30
1 1 1 0 0   28

155
1 1 1 1 0   30
1 1 1 1 0   30

156
1 1 1 1 0   30
1 1 1 1 1   31

157
1 1 1 1 1   31
0 0 0 0 0   0

158
1 1 1 1 1   31
0 0 0 0 1   1

159
1 1 1 1 1   31
0 0 0 1 1   3

160
1 1 1 1 1   31
0 0 1 1 1   7

161
1 1 1 1 1   31
0 1 1 1 1   15

162
1 1 1 1 1   31
1 0 0 0 0   16

163
1 1 1 1 1   31
1 0 0 0 1   17

164
1 1 1 1 1   31
1 0 0 1 1   19

165
1 1 1 1 1   31
1 0 1 1 1   23

166
1 1 1 1 1   31
1 1 0 0 0   24

167
1 1 1 1 1   31
1 1 0 0 1   25

168
1 1 1 1 1   31
1 1 0 1 1   27

169
1 1 1 1 1   31
1 1 1 0 0   28

170
1 1 1 1 1   31
1 1 1 0 1   29

171
1 1 1 1 1   31
1 1 1 1 0   30

172
1 1 1 1 1   31
1 1 1 1 1   31

