Preparing file for debug...

1
0 0   0
0 1   1
0 0   0

2
0 0   0
0 1   1
0 1   1

3
0 0   0
0 1   1
1 1   3

4
0 0   0
1 0   2
0 0   0

5
0 0   0
1 0   2
1 0   2

6
0 0   0
1 0   2
1 1   3

7
0 0   0
1 1   3
1 1   3

8
0 1   1
0 0   0
0 1   1

9
0 1   1
0 0   0
1 0   2

10
0 1   1
0 0   0
1 1   3

11
0 1   1
0 1   1
0 0   0

12
0 1   1
0 1   1
0 1   1

13
0 1   1
0 1   1
1 1   3

14
0 1   1
1 1   3
1 1   3

15
1 0   2
0 0   0
0 1   1

16
1 0   2
0 0   0
1 0   2

17
1 0   2
0 0   0
1 1   3

18
1 0   2
1 0   2
0 0   0

19
1 0   2
1 0   2
1 0   2

20
1 0   2
1 0   2
1 1   3

21
1 0   2
1 1   3
1 1   3

22
1 1   3
0 0   0
0 1   1

23
1 1   3
0 0   0
1 0   2

24
1 1   3
0 0   0
1 1   3

25
1 1   3
0 1   1
0 0   0

26
1 1   3
0 1   1
0 1   1

27
1 1   3
0 1   1
1 1   3

28
1 1   3
1 0   2
0 0   0

29
1 1   3
1 0   2
1 0   2

30
1 1   3
1 0   2
1 1   3

31
1 1   3
1 1   3
0 0   0

32
1 1   3
1 1   3
0 1   1

33
1 1   3
1 1   3
1 0   2

34
1 1   3
1 1   3
1 1   3

