Preparing file for debug...

1
0 0   0
0 1   1
0 0   0
0 1   1
0 0   0

2
0 0   0
0 1   1
0 0   0
0 1   1
0 1   1

3
0 0   0
0 1   1
0 0   0
0 1   1
1 1   3

4
0 0   0
0 1   1
0 0   0
1 0   2
0 0   0

5
0 0   0
0 1   1
0 0   0
1 0   2
1 0   2

6
0 0   0
0 1   1
0 0   0
1 0   2
1 1   3

7
0 0   0
0 1   1
0 0   0
1 1   3
1 1   3

8
0 0   0
0 1   1
0 1   1
0 0   0
0 1   1

9
0 0   0
0 1   1
0 1   1
0 0   0
1 0   2

10
0 0   0
0 1   1
0 1   1
0 0   0
1 1   3

11
0 0   0
0 1   1
0 1   1
0 1   1
0 0   0

12
0 0   0
0 1   1
0 1   1
0 1   1
0 1   1

13
0 0   0
0 1   1
0 1   1
0 1   1
1 1   3

14
0 0   0
0 1   1
0 1   1
1 1   3
1 1   3

15
0 0   0
0 1   1
1 1   3
1 1   3
1 1   3

16
0 0   0
1 0   2
0 0   0
0 1   1
0 0   0

17
0 0   0
1 0   2
0 0   0
0 1   1
0 1   1

18
0 0   0
1 0   2
0 0   0
0 1   1
1 1   3

19
0 0   0
1 0   2
0 0   0
1 0   2
0 0   0

20
0 0   0
1 0   2
0 0   0
1 0   2
1 0   2

21
0 0   0
1 0   2
0 0   0
1 0   2
1 1   3

22
0 0   0
1 0   2
0 0   0
1 1   3
1 1   3

23
0 0   0
1 0   2
1 0   2
0 0   0
0 1   1

24
0 0   0
1 0   2
1 0   2
0 0   0
1 0   2

25
0 0   0
1 0   2
1 0   2
0 0   0
1 1   3

26
0 0   0
1 0   2
1 0   2
1 0   2
0 0   0

27
0 0   0
1 0   2
1 0   2
1 0   2
1 0   2

28
0 0   0
1 0   2
1 0   2
1 0   2
1 1   3

29
0 0   0
1 0   2
1 0   2
1 1   3
1 1   3

30
0 0   0
1 0   2
1 1   3
1 1   3
1 1   3

31
0 0   0
1 1   3
1 1   3
1 1   3
1 1   3

32
0 1   1
0 0   0
0 1   1
0 0   0
0 1   1

33
0 1   1
0 0   0
0 1   1
0 0   0
1 0   2

34
0 1   1
0 0   0
0 1   1
0 0   0
1 1   3

35
0 1   1
0 0   0
0 1   1
0 1   1
0 0   0

36
0 1   1
0 0   0
0 1   1
0 1   1
0 1   1

37
0 1   1
0 0   0
0 1   1
0 1   1
1 1   3

38
0 1   1
0 0   0
0 1   1
1 1   3
1 1   3

39
0 1   1
0 0   0
1 0   2
0 0   0
0 1   1

40
0 1   1
0 0   0
1 0   2
0 0   0
1 0   2

41
0 1   1
0 0   0
1 0   2
0 0   0
1 1   3

42
0 1   1
0 0   0
1 0   2
1 0   2
0 0   0

43
0 1   1
0 0   0
1 0   2
1 0   2
1 0   2

44
0 1   1
0 0   0
1 0   2
1 0   2
1 1   3

45
0 1   1
0 0   0
1 0   2
1 1   3
1 1   3

46
0 1   1
0 0   0
1 1   3
1 1   3
1 1   3

47
0 1   1
0 1   1
0 0   0
0 1   1
0 0   0

48
0 1   1
0 1   1
0 0   0
0 1   1
0 1   1

49
0 1   1
0 1   1
0 0   0
0 1   1
1 1   3

50
0 1   1
0 1   1
0 0   0
1 0   2
0 0   0

51
0 1   1
0 1   1
0 0   0
1 0   2
1 0   2

52
0 1   1
0 1   1
0 0   0
1 0   2
1 1   3

53
0 1   1
0 1   1
0 0   0
1 1   3
1 1   3

54
0 1   1
0 1   1
0 1   1
0 0   0
0 1   1

55
0 1   1
0 1   1
0 1   1
0 0   0
1 0   2

56
0 1   1
0 1   1
0 1   1
0 0   0
1 1   3

57
0 1   1
0 1   1
0 1   1
0 1   1
0 0   0

58
0 1   1
0 1   1
0 1   1
0 1   1
0 1   1

59
0 1   1
0 1   1
0 1   1
0 1   1
1 1   3

60
0 1   1
0 1   1
0 1   1
1 1   3
1 1   3

61
0 1   1
0 1   1
1 1   3
1 1   3
1 1   3

62
0 1   1
1 1   3
1 1   3
1 1   3
1 1   3

63
1 0   2
0 0   0
0 1   1
0 0   0
0 1   1

64
1 0   2
0 0   0
0 1   1
0 0   0
1 0   2

65
1 0   2
0 0   0
0 1   1
0 0   0
1 1   3

66
1 0   2
0 0   0
0 1   1
0 1   1
0 0   0

67
1 0   2
0 0   0
0 1   1
0 1   1
0 1   1

68
1 0   2
0 0   0
0 1   1
0 1   1
1 1   3

69
1 0   2
0 0   0
0 1   1
1 1   3
1 1   3

70
1 0   2
0 0   0
1 0   2
0 0   0
0 1   1

71
1 0   2
0 0   0
1 0   2
0 0   0
1 0   2

72
1 0   2
0 0   0
1 0   2
0 0   0
1 1   3

73
1 0   2
0 0   0
1 0   2
1 0   2
0 0   0

74
1 0   2
0 0   0
1 0   2
1 0   2
1 0   2

75
1 0   2
0 0   0
1 0   2
1 0   2
1 1   3

76
1 0   2
0 0   0
1 0   2
1 1   3
1 1   3

77
1 0   2
0 0   0
1 1   3
1 1   3
1 1   3

78
1 0   2
1 0   2
0 0   0
0 1   1
0 0   0

79
1 0   2
1 0   2
0 0   0
0 1   1
0 1   1

80
1 0   2
1 0   2
0 0   0
0 1   1
1 1   3

81
1 0   2
1 0   2
0 0   0
1 0   2
0 0   0

82
1 0   2
1 0   2
0 0   0
1 0   2
1 0   2

83
1 0   2
1 0   2
0 0   0
1 0   2
1 1   3

84
1 0   2
1 0   2
0 0   0
1 1   3
1 1   3

85
1 0   2
1 0   2
1 0   2
0 0   0
0 1   1

86
1 0   2
1 0   2
1 0   2
0 0   0
1 0   2

87
1 0   2
1 0   2
1 0   2
0 0   0
1 1   3

88
1 0   2
1 0   2
1 0   2
1 0   2
0 0   0

89
1 0   2
1 0   2
1 0   2
1 0   2
1 0   2

90
1 0   2
1 0   2
1 0   2
1 0   2
1 1   3

91
1 0   2
1 0   2
1 0   2
1 1   3
1 1   3

92
1 0   2
1 0   2
1 1   3
1 1   3
1 1   3

93
1 0   2
1 1   3
1 1   3
1 1   3
1 1   3

94
1 1   3
0 0   0
0 1   1
0 0   0
0 1   1

95
1 1   3
0 0   0
0 1   1
0 0   0
1 0   2

96
1 1   3
0 0   0
0 1   1
0 0   0
1 1   3

97
1 1   3
0 0   0
0 1   1
0 1   1
0 0   0

98
1 1   3
0 0   0
0 1   1
0 1   1
0 1   1

99
1 1   3
0 0   0
0 1   1
0 1   1
1 1   3

100
1 1   3
0 0   0
0 1   1
1 1   3
1 1   3

101
1 1   3
0 0   0
1 0   2
0 0   0
0 1   1

102
1 1   3
0 0   0
1 0   2
0 0   0
1 0   2

103
1 1   3
0 0   0
1 0   2
0 0   0
1 1   3

104
1 1   3
0 0   0
1 0   2
1 0   2
0 0   0

105
1 1   3
0 0   0
1 0   2
1 0   2
1 0   2

106
1 1   3
0 0   0
1 0   2
1 0   2
1 1   3

107
1 1   3
0 0   0
1 0   2
1 1   3
1 1   3

108
1 1   3
0 0   0
1 1   3
1 1   3
1 1   3

109
1 1   3
0 1   1
0 0   0
0 1   1
0 0   0

110
1 1   3
0 1   1
0 0   0
0 1   1
0 1   1

111
1 1   3
0 1   1
0 0   0
0 1   1
1 1   3

112
1 1   3
0 1   1
0 0   0
1 0   2
0 0   0

113
1 1   3
0 1   1
0 0   0
1 0   2
1 0   2

114
1 1   3
0 1   1
0 0   0
1 0   2
1 1   3

115
1 1   3
0 1   1
0 0   0
1 1   3
1 1   3

116
1 1   3
0 1   1
0 1   1
0 0   0
0 1   1

117
1 1   3
0 1   1
0 1   1
0 0   0
1 0   2

118
1 1   3
0 1   1
0 1   1
0 0   0
1 1   3

119
1 1   3
0 1   1
0 1   1
0 1   1
0 0   0

120
1 1   3
0 1   1
0 1   1
0 1   1
0 1   1

121
1 1   3
0 1   1
0 1   1
0 1   1
1 1   3

122
1 1   3
0 1   1
0 1   1
1 1   3
1 1   3

123
1 1   3
0 1   1
1 1   3
1 1   3
1 1   3

124
1 1   3
1 0   2
0 0   0
0 1   1
0 0   0

125
1 1   3
1 0   2
0 0   0
0 1   1
0 1   1

126
1 1   3
1 0   2
0 0   0
0 1   1
1 1   3

127
1 1   3
1 0   2
0 0   0
1 0   2
0 0   0

128
1 1   3
1 0   2
0 0   0
1 0   2
1 0   2

129
1 1   3
1 0   2
0 0   0
1 0   2
1 1   3

130
1 1   3
1 0   2
0 0   0
1 1   3
1 1   3

131
1 1   3
1 0   2
1 0   2
0 0   0
0 1   1

132
1 1   3
1 0   2
1 0   2
0 0   0
1 0   2

133
1 1   3
1 0   2
1 0   2
0 0   0
1 1   3

134
1 1   3
1 0   2
1 0   2
1 0   2
0 0   0

135
1 1   3
1 0   2
1 0   2
1 0   2
1 0   2

136
1 1   3
1 0   2
1 0   2
1 0   2
1 1   3

137
1 1   3
1 0   2
1 0   2
1 1   3
1 1   3

138
1 1   3
1 0   2
1 1   3
1 1   3
1 1   3

139
1 1   3
1 1   3
0 0   0
0 1   1
0 0   0

140
1 1   3
1 1   3
0 0   0
0 1   1
0 1   1

141
1 1   3
1 1   3
0 0   0
0 1   1
1 1   3

142
1 1   3
1 1   3
0 0   0
1 0   2
0 0   0

143
1 1   3
1 1   3
0 0   0
1 0   2
1 0   2

144
1 1   3
1 1   3
0 0   0
1 0   2
1 1   3

145
1 1   3
1 1   3
0 0   0
1 1   3
1 1   3

146
1 1   3
1 1   3
0 1   1
0 0   0
0 1   1

147
1 1   3
1 1   3
0 1   1
0 0   0
1 0   2

148
1 1   3
1 1   3
0 1   1
0 0   0
1 1   3

149
1 1   3
1 1   3
0 1   1
0 1   1
0 0   0

150
1 1   3
1 1   3
0 1   1
0 1   1
0 1   1

151
1 1   3
1 1   3
0 1   1
0 1   1
1 1   3

152
1 1   3
1 1   3
0 1   1
1 1   3
1 1   3

153
1 1   3
1 1   3
1 0   2
0 0   0
0 1   1

154
1 1   3
1 1   3
1 0   2
0 0   0
1 0   2

155
1 1   3
1 1   3
1 0   2
0 0   0
1 1   3

156
1 1   3
1 1   3
1 0   2
1 0   2
0 0   0

157
1 1   3
1 1   3
1 0   2
1 0   2
1 0   2

158
1 1   3
1 1   3
1 0   2
1 0   2
1 1   3

159
1 1   3
1 1   3
1 0   2
1 1   3
1 1   3

160
1 1   3
1 1   3
1 1   3
0 0   0
0 1   1

161
1 1   3
1 1   3
1 1   3
0 0   0
1 0   2

162
1 1   3
1 1   3
1 1   3
0 0   0
1 1   3

163
1 1   3
1 1   3
1 1   3
0 1   1
0 0   0

164
1 1   3
1 1   3
1 1   3
0 1   1
0 1   1

165
1 1   3
1 1   3
1 1   3
0 1   1
1 1   3

166
1 1   3
1 1   3
1 1   3
1 0   2
0 0   0

167
1 1   3
1 1   3
1 1   3
1 0   2
1 0   2

168
1 1   3
1 1   3
1 1   3
1 0   2
1 1   3

169
1 1   3
1 1   3
1 1   3
1 1   3
0 0   0

170
1 1   3
1 1   3
1 1   3
1 1   3
0 1   1

171
1 1   3
1 1   3
1 1   3
1 1   3
1 0   2

172
1 1   3
1 1   3
1 1   3
1 1   3
1 1   3

