Preparing file for debug...

1
0 0 0   0
0 1 0   2

2
0 0 0   0
0 1 1   3

3
0 0 0   0
1 0 1   5

4
0 0 0   0
1 1 0   6

5
0 0 0   0
1 1 1   7

6
0 0 1   1
0 1 1   3

7
0 0 1   1
1 0 0   4

8
0 0 1   1
1 0 1   5

9
0 0 1   1
1 1 1   7

10
0 1 0   2
0 0 0   0

11
0 1 1   3
0 0 0   0

12
0 1 1   3
0 0 1   1

13
0 1 1   3
0 1 1   3

14
0 1 1   3
1 1 1   7

15
1 0 0   4
0 0 1   1

16
1 0 0   4
1 0 1   5

17
1 0 0   4
1 1 0   6

18
1 0 0   4
1 1 1   7

19
1 0 1   5
0 0 0   0

20
1 0 1   5
0 0 1   1

21
1 0 1   5
1 0 0   4

22
1 0 1   5
1 0 1   5

23
1 0 1   5
1 1 1   7

24
1 1 0   6
0 0 0   0

25
1 1 0   6
1 0 0   4

26
1 1 0   6
1 1 0   6

27
1 1 0   6
1 1 1   7

28
1 1 1   7
0 0 0   0

29
1 1 1   7
0 0 1   1

30
1 1 1   7
0 1 1   3

31
1 1 1   7
1 0 0   4

32
1 1 1   7
1 0 1   5

33
1 1 1   7
1 1 0   6

34
1 1 1   7
1 1 1   7

